30 30 3 0.0116667
1.5 0.170833 0.338652
4.5 0.170833 0.0691489
7.5 0.170833 0.0378251
10.5 0.170833 0.018617
13.5 0.170833 0.0112293
16.5 0.170833 0.00797872
19.5 0.170833 0.00620567
22.5 0.170833 0.00443262
25.5 0.170833 0.00561466
28.5 0.170833 0.00265957
31.5 0.170833 0.00206856
34.5 0.170833 0.00147754
37.5 0.170833 0.00177305
40.5 0.170833 0.000591017
43.5 0.170833 0.00118203
46.5 0.170833 0.00147754
49.5 0.170833 0.000295508
52.5 0.170833 0.00147754
55.5 0.170833 0.00118203
58.5 0.170833 0
61.5 0.170833 0
64.5 0.170833 0.000886525
67.5 0.170833 0.000295508
70.5 0.170833 0
73.5 0.170833 0
76.5 0.170833 0
79.5 0.170833 0
82.5 0.170833 0
85.5 0.170833 0
88.5 0.170833 0
1.5 0.1825 0.335993
4.5 0.1825 0.090721
7.5 0.1825 0.0375296
10.5 0.1825 0.0236407
13.5 0.1825 0.0141844
16.5 0.1825 0.00886525
19.5 0.1825 0.00502364
22.5 0.1825 0.0070922
25.5 0.1825 0.00472813
28.5 0.1825 0.00295508
31.5 0.1825 0.00295508
34.5 0.1825 0.00206856
37.5 0.1825 0.00177305
40.5 0.1825 0.00206856
43.5 0.1825 0.000591017
46.5 0.1825 0.00118203
49.5 0.1825 0.000591017
52.5 0.1825 0.000591017
55.5 0.1825 0.000886525
58.5 0.1825 0
61.5 0.1825 0
64.5 0.1825 0.000295508
67.5 0.1825 0
70.5 0.1825 0
73.5 0.1825 0
76.5 0.1825 0
79.5 0.1825 0
82.5 0.1825 0
85.5 0.1825 0
88.5 0.1825 0
1.5 0.194167 0.376478
4.5 0.194167 0.0933806
7.5 0.194167 0.0425532
10.5 0.194167 0.0230496
13.5 0.194167 0.0147754
16.5 0.194167 0.00916076
19.5 0.194167 0.00472813
22.5 0.194167 0.00531915
25.5 0.194167 0.00325059
28.5 0.194167 0.00118203
31.5 0.194167 0.00295508
34.5 0.194167 0.00118203
37.5 0.194167 0.00177305
40.5 0.194167 0.00147754
43.5 0.194167 0.000591017
46.5 0.194167 0.000886525
49.5 0.194167 0.000591017
52.5 0.194167 0.000886525
55.5 0.194167 0.000591017
58.5 0.194167 0
61.5 0.194167 0.000295508
64.5 0.194167 0
67.5 0.194167 0.000295508
70.5 0.194167 0
73.5 0.194167 0
76.5 0.194167 0
79.5 0.194167 0
82.5 0.194167 0
85.5 0.194167 0
88.5 0.194167 0
1.5 0.205833 0.40396
4.5 0.205833 0.0975177
7.5 0.205833 0.0499409
10.5 0.205833 0.0251182
13.5 0.205833 0.0171395
16.5 0.205833 0.0109338
19.5 0.205833 0.0070922
22.5 0.205833 0.00472813
25.5 0.205833 0.00384161
28.5 0.205833 0.00502364
31.5 0.205833 0.00325059
34.5 0.205833 0.00265957
37.5 0.205833 0.00295508
40.5 0.205833 0.00206856
43.5 0.205833 0.00147754
46.5 0.205833 0.000886525
49.5 0.205833 0.000591017
52.5 0.205833 0.00118203
55.5 0.205833 0.000886525
58.5 0.205833 0
61.5 0.205833 0.000591017
64.5 0.205833 0
67.5 0.205833 0
70.5 0.205833 0
73.5 0.205833 0
76.5 0.205833 0
79.5 0.205833 0
82.5 0.205833 0.000295508
85.5 0.205833 0
88.5 0.205833 0
1.5 0.2175 0.422281
4.5 0.2175 0.0942671
7.5 0.2175 0.0502364
10.5 0.2175 0.0236407
13.5 0.2175 0.0106383
16.5 0.2175 0.0115248
19.5 0.2175 0.00827423
22.5 0.2175 0.00472813
25.5 0.2175 0.00650118
28.5 0.2175 0.00472813
31.5 0.2175 0.0035461
34.5 0.2175 0.00147754
37.5 0.2175 0.00265957
40.5 0.2175 0.00118203
43.5 0.2175 0.00177305
46.5 0.2175 0.00177305
49.5 0.2175 0.000591017
52.5 0.2175 0.000591017
55.5 0.2175 0
58.5 0.2175 0
61.5 0.2175 0.000295508
64.5 0.2175 0.000295508
67.5 0.2175 0.000886525
70.5 0.2175 0
73.5 0.2175 0
76.5 0.2175 0
79.5 0.2175 0.000295508
82.5 0.2175 0
85.5 0.2175 0
88.5 0.2175 0
1.5 0.229167 0.456265
4.5 0.229167 0.106087
7.5 0.229167 0.0469858
10.5 0.229167 0.0239362
13.5 0.229167 0.0150709
16.5 0.229167 0.0112293
19.5 0.229167 0.0070922
22.5 0.229167 0.00531915
25.5 0.229167 0.00531915
28.5 0.229167 0.00531915
31.5 0.229167 0.00206856
34.5 0.229167 0.00147754
37.5 0.229167 0.00206856
40.5 0.229167 0.00236407
43.5 0.229167 0.00147754
46.5 0.229167 0.00118203
49.5 0.229167 0.00118203
52.5 0.229167 0.00206856
55.5 0.229167 0.000886525
58.5 0.229167 0
61.5 0.229167 0
64.5 0.229167 0.00118203
67.5 0.229167 0.000295508
70.5 0.229167 0
73.5 0.229167 0
76.5 0.229167 0.000295508
79.5 0.229167 0
82.5 0.229167 0
85.5 0.229167 0
88.5 0.229167 0
1.5 0.240833 0.468676
4.5 0.240833 0.109634
7.5 0.240833 0.054078
10.5 0.240833 0.0251182
13.5 0.240833 0.018617
16.5 0.240833 0.0124113
19.5 0.240833 0.00650118
22.5 0.240833 0.0070922
25.5 0.240833 0.00679669
28.5 0.240833 0.00531915
31.5 0.240833 0.00531915
34.5 0.240833 0.00295508
37.5 0.240833 0.00147754
40.5 0.240833 0.00206856
43.5 0.240833 0.000886525
46.5 0.240833 0
49.5 0.240833 0.000886525
52.5 0.240833 0
55.5 0.240833 0.00147754
58.5 0.240833 0.00118203
61.5 0.240833 0.000295508
64.5 0.240833 0
67.5 0.240833 0.000295508
70.5 0.240833 0
73.5 0.240833 0.000295508
76.5 0.240833 0
79.5 0.240833 0
82.5 0.240833 0.000295508
85.5 0.240833 0
88.5 0.240833 0
1.5 0.2525 0.52039
4.5 0.2525 0.118499
7.5 0.2525 0.0543735
10.5 0.2525 0.0301418
13.5 0.2525 0.0156619
16.5 0.2525 0.0141844
19.5 0.2525 0.00827423
22.5 0.2525 0.0100473
25.5 0.2525 0.0070922
28.5 0.2525 0.00325059
31.5 0.2525 0.00443262
34.5 0.2525 0.00147754
37.5 0.2525 0.00206856
40.5 0.2525 0.00177305
43.5 0.2525 0.000591017
46.5 0.2525 0.000886525
49.5 0.2525 0.00147754
52.5 0.2525 0.000591017
55.5 0.2525 0.000591017
58.5 0.2525 0.000591017
61.5 0.2525 0.000591017
64.5 0.2525 0.000295508
67.5 0.2525 0.000295508
70.5 0.2525 0
73.5 0.2525 0
76.5 0.2525 0
79.5 0.2525 0
82.5 0.2525 0
85.5 0.2525 0
88.5 0.2525 0
1.5 0.264167 0.522163
4.5 0.264167 0.117317
7.5 0.264167 0.0591017
10.5 0.264167 0.0322104
13.5 0.264167 0.0212766
16.5 0.264167 0.0127069
19.5 0.264167 0.0115248
22.5 0.264167 0.00650118
25.5 0.264167 0.00650118
28.5 0.264167 0.00443262
31.5 0.264167 0.00561466
34.5 0.264167 0.00443262
37.5 0.264167 0.00177305
40.5 0.264167 0.000295508
43.5 0.264167 0.00177305
46.5 0.264167 0.00177305
49.5 0.264167 0.000886525
52.5 0.264167 0.00236407
55.5 0.264167 0.00118203
58.5 0.264167 0
61.5 0.264167 0
64.5 0.264167 0.000295508
67.5 0.264167 0
70.5 0.264167 0
73.5 0.264167 0.000295508
76.5 0.264167 0.000295508
79.5 0.264167 0
82.5 0.264167 0
85.5 0.264167 0
88.5 0.264167 0
1.5 0.275833 0.53753
4.5 0.275833 0.127069
7.5 0.275833 0.0599882
10.5 0.275833 0.035461
13.5 0.275833 0.0195035
16.5 0.275833 0.0130024
19.5 0.275833 0.0124113
22.5 0.275833 0.00827423
25.5 0.275833 0.00591017
28.5 0.275833 0.00265957
31.5 0.275833 0.00443262
34.5 0.275833 0.00384161
37.5 0.275833 0.00325059
40.5 0.275833 0.00384161
43.5 0.275833 0.00147754
46.5 0.275833 0.00206856
49.5 0.275833 0.00206856
52.5 0.275833 0.000886525
55.5 0.275833 0.00118203
58.5 0.275833 0.000886525
61.5 0.275833 0
64.5 0.275833 0.000295508
67.5 0.275833 0.000295508
70.5 0.275833 0
73.5 0.275833 0.000295508
76.5 0.275833 0
79.5 0.275833 0
82.5 0.275833 0
85.5 0.275833 0
88.5 0.275833 0
1.5 0.2875 0.5526
4.5 0.2875 0.144799
7.5 0.2875 0.0635343
10.5 0.2875 0.0301418
13.5 0.2875 0.0195035
16.5 0.2875 0.0127069
19.5 0.2875 0.0112293
22.5 0.2875 0.00679669
25.5 0.2875 0.00620567
28.5 0.2875 0.00591017
31.5 0.2875 0.00177305
34.5 0.2875 0.00265957
37.5 0.2875 0.00206856
40.5 0.2875 0.000591017
43.5 0.2875 0.00177305
46.5 0.2875 0.000591017
49.5 0.2875 0.000886525
52.5 0.2875 0.00177305
55.5 0.2875 0.000886525
58.5 0.2875 0.00118203
61.5 0.2875 0.000295508
64.5 0.2875 0.000295508
67.5 0.2875 0.000295508
70.5 0.2875 0.000295508
73.5 0.2875 0
76.5 0.2875 0
79.5 0.2875 0
82.5 0.2875 0
85.5 0.2875 0.000295508
88.5 0.2875 0
1.5 0.299167 0.603428
4.5 0.299167 0.140071
7.5 0.299167 0.0650118
10.5 0.299167 0.0387116
13.5 0.299167 0.0239362
16.5 0.299167 0.0165485
19.5 0.299167 0.00738771
22.5 0.299167 0.00797872
25.5 0.299167 0.00531915
28.5 0.299167 0.00472813
31.5 0.299167 0.00384161
34.5 0.299167 0.00443262
37.5 0.299167 0.00295508
40.5 0.299167 0.00295508
43.5 0.299167 0.00177305
46.5 0.299167 0.00236407
49.5 0.299167 0.00118203
52.5 0.299167 0.000886525
55.5 0.299167 0
58.5 0.299167 0.000886525
61.5 0.299167 0.000591017
64.5 0.299167 0
67.5 0.299167 0.000295508
70.5 0.299167 0.000295508
73.5 0.299167 0.000591017
76.5 0.299167 0
79.5 0.299167 0
82.5 0.299167 0
85.5 0.299167 0
88.5 0.299167 0
1.5 0.310833 0.628546
4.5 0.310833 0.140366
7.5 0.310833 0.0623522
10.5 0.310833 0.037234
13.5 0.310833 0.0203901
16.5 0.310833 0.016844
19.5 0.310833 0.0109338
22.5 0.310833 0.00827423
25.5 0.310833 0.00620567
28.5 0.310833 0.00295508
31.5 0.310833 0.00531915
34.5 0.310833 0.0035461
37.5 0.310833 0.00295508
40.5 0.310833 0.00384161
43.5 0.310833 0.00206856
46.5 0.310833 0.00118203
49.5 0.310833 0.000886525
52.5 0.310833 0.00177305
55.5 0.310833 0.000591017
58.5 0.310833 0.000295508
61.5 0.310833 0.000591017
64.5 0.310833 0
67.5 0.310833 0.000295508
70.5 0.310833 0
73.5 0.310833 0.000295508
76.5 0.310833 0
79.5 0.310833 0
82.5 0.310833 0
85.5 0.310833 0
88.5 0.310833 0
1.5 0.3225 0.622931
4.5 0.3225 0.138593
7.5 0.3225 0.0641253
10.5 0.3225 0.0390071
13.5 0.3225 0.0206856
16.5 0.3225 0.00945626
19.5 0.3225 0.0141844
22.5 0.3225 0.00768322
25.5 0.3225 0.00591017
28.5 0.3225 0.00531915
31.5 0.3225 0.00325059
34.5 0.3225 0.00325059
37.5 0.3225 0.00236407
40.5 0.3225 0.00147754
43.5 0.3225 0.00177305
46.5 0.3225 0.00177305
49.5 0.3225 0.000886525
52.5 0.3225 0.000295508
55.5 0.3225 0
58.5 0.3225 0.000295508
61.5 0.3225 0.000591017
64.5 0.3225 0.000886525
67.5 0.3225 0
70.5 0.3225 0.000295508
73.5 0.3225 0
76.5 0.3225 0
79.5 0.3225 0
82.5 0.3225 0
85.5 0.3225 0
88.5 0.3225 0
1.5 0.334167 0.676714
4.5 0.334167 0.15987
7.5 0.334167 0.0712175
10.5 0.334167 0.0387116
13.5 0.334167 0.0263002
16.5 0.334167 0.0135934
19.5 0.334167 0.0118203
22.5 0.334167 0.0106383
25.5 0.334167 0.00531915
28.5 0.334167 0.00472813
31.5 0.334167 0.00502364
34.5 0.334167 0.00472813
37.5 0.334167 0.00265957
40.5 0.334167 0.00295508
43.5 0.334167 0.00236407
46.5 0.334167 0.00265957
49.5 0.334167 0.00147754
52.5 0.334167 0.000886525
55.5 0.334167 0.000886525
58.5 0.334167 0.00118203
61.5 0.334167 0.000591017
64.5 0.334167 0.000295508
67.5 0.334167 0.000295508
70.5 0.334167 0.00118203
73.5 0.334167 0
76.5 0.334167 0
79.5 0.334167 0
82.5 0.334167 0.000295508
85.5 0.334167 0
88.5 0.334167 0
1.5 0.345833 0.677305
4.5 0.345833 0.161052
7.5 0.345833 0.0756501
10.5 0.345833 0.0398936
13.5 0.345833 0.0248227
16.5 0.345833 0.0159574
19.5 0.345833 0.0135934
22.5 0.345833 0.0112293
25.5 0.345833 0.00856974
28.5 0.345833 0.00443262
31.5 0.345833 0.00413712
34.5 0.345833 0.00325059
37.5 0.345833 0.00236407
40.5 0.345833 0.00265957
43.5 0.345833 0.00177305
46.5 0.345833 0.00206856
49.5 0.345833 0.00118203
52.5 0.345833 0.000295508
55.5 0.345833 0.00147754
58.5 0.345833 0.000591017
61.5 0.345833 0.000295508
64.5 0.345833 0.00118203
67.5 0.345833 0.000591017
70.5 0.345833 0.000591017
73.5 0.345833 0
76.5 0.345833 0
79.5 0.345833 0
82.5 0.345833 0
85.5 0.345833 0
88.5 0.345833 0
1.5 0.3575 0.680556
4.5 0.3575 0.156324
7.5 0.3575 0.0809693
10.5 0.3575 0.0390071
13.5 0.3575 0.0254137
16.5 0.3575 0.016253
19.5 0.3575 0.0115248
22.5 0.3575 0.00975177
25.5 0.3575 0.0115248
28.5 0.3575 0.0109338
31.5 0.3575 0.00531915
34.5 0.3575 0.00472813
37.5 0.3575 0.00236407
40.5 0.3575 0.00236407
43.5 0.3575 0.00206856
46.5 0.3575 0.00147754
49.5 0.3575 0.00118203
52.5 0.3575 0.00118203
55.5 0.3575 0.000886525
58.5 0.3575 0.00177305
61.5 0.3575 0.000591017
64.5 0.3575 0
67.5 0.3575 0.000295508
70.5 0.3575 0
73.5 0.3575 0
76.5 0.3575 0.000295508
79.5 0.3575 0
82.5 0.3575 0
85.5 0.3575 0
88.5 0.3575 0
1.5 0.369167 0.733747
4.5 0.369167 0.170213
7.5 0.369167 0.0718085
10.5 0.369167 0.0336879
13.5 0.369167 0.0248227
16.5 0.369167 0.0171395
19.5 0.369167 0.0144799
22.5 0.369167 0.00945626
25.5 0.369167 0.00679669
28.5 0.369167 0.00827423
31.5 0.369167 0.00295508
34.5 0.369167 0.00384161
37.5 0.369167 0.00325059
40.5 0.369167 0.00206856
43.5 0.369167 0.00206856
46.5 0.369167 0.00147754
49.5 0.369167 0.000591017
52.5 0.369167 0.000886525
55.5 0.369167 0.000886525
58.5 0.369167 0
61.5 0.369167 0.000295508
64.5 0.369167 0.000591017
67.5 0.369167 0.000295508
70.5 0.369167 0.000295508
73.5 0.369167 0.000295508
76.5 0.369167 0
79.5 0.369167 0
82.5 0.369167 0
85.5 0.369167 0
88.5 0.369167 0
1.5 0.380833 0.761525
4.5 0.380833 0.161348
7.5 0.380833 0.0762411
10.5 0.380833 0.0410757
13.5 0.380833 0.0283688
16.5 0.380833 0.016844
19.5 0.380833 0.0124113
22.5 0.380833 0.0109338
25.5 0.380833 0.00738771
28.5 0.380833 0.00916076
31.5 0.380833 0.00531915
34.5 0.380833 0.00472813
37.5 0.380833 0.00236407
40.5 0.380833 0.00472813
43.5 0.380833 0.00265957
46.5 0.380833 0.0035461
49.5 0.380833 0.00147754
52.5 0.380833 0.00147754
55.5 0.380833 0.000886525
58.5 0.380833 0.000295508
61.5 0.380833 0.00118203
64.5 0.380833 0
67.5 0.380833 0.000295508
70.5 0.380833 0
73.5 0.380833 0.000591017
76.5 0.380833 0
79.5 0.380833 0
82.5 0.380833 0
85.5 0.380833 0
88.5 0.380833 0
1.5 0.3925 0.773641
4.5 0.3925 0.1776
7.5 0.3925 0.0762411
10.5 0.3925 0.0472813
13.5 0.3925 0.0289598
16.5 0.3925 0.0189125
19.5 0.3925 0.0135934
22.5 0.3925 0.00886525
25.5 0.3925 0.00975177
28.5 0.3925 0.00945626
31.5 0.3925 0.00443262
34.5 0.3925 0.00325059
37.5 0.3925 0.00265957
40.5 0.3925 0.00265957
43.5 0.3925 0.00206856
46.5 0.3925 0.00206856
49.5 0.3925 0.000591017
52.5 0.3925 0.00206856
55.5 0.3925 0.000886525
58.5 0.3925 0
61.5 0.3925 0.000591017
64.5 0.3925 0.000295508
67.5 0.3925 0.000591017
70.5 0.3925 0.000295508
73.5 0.3925 0
76.5 0.3925 0.000295508
79.5 0.3925 0
82.5 0.3925 0
85.5 0.3925 0
88.5 0.3925 0
1.5 0.404167 0.767435
4.5 0.404167 0.180556
7.5 0.404167 0.0913121
10.5 0.404167 0.035461
13.5 0.404167 0.0268913
16.5 0.404167 0.0209811
19.5 0.404167 0.0109338
22.5 0.404167 0.0106383
25.5 0.404167 0.0112293
28.5 0.404167 0.00502364
31.5 0.404167 0.00531915
34.5 0.404167 0.00384161
37.5 0.404167 0.00206856
40.5 0.404167 0.00531915
43.5 0.404167 0.00147754
46.5 0.404167 0.00177305
49.5 0.404167 0.000591017
52.5 0.404167 0.00206856
55.5 0.404167 0.00118203
58.5 0.404167 0.000591017
61.5 0.404167 0.000591017
64.5 0.404167 0
67.5 0.404167 0.000295508
70.5 0.404167 0.000295508
73.5 0.404167 0
76.5 0.404167 0
79.5 0.404167 0
82.5 0.404167 0.000295508
85.5 0.404167 0
88.5 0.404167 0
1.5 0.415833 0.821809
4.5 0.415833 0.172872
7.5 0.415833 0.087766
10.5 0.415833 0.0478723
13.5 0.415833 0.0265957
16.5 0.415833 0.0183215
19.5 0.415833 0.0124113
22.5 0.415833 0.0100473
25.5 0.415833 0.00886525
28.5 0.415833 0.00738771
31.5 0.415833 0.00679669
34.5 0.415833 0.00413712
37.5 0.415833 0.00502364
40.5 0.415833 0.00561466
43.5 0.415833 0.00206856
46.5 0.415833 0.00206856
49.5 0.415833 0.000295508
52.5 0.415833 0.000591017
55.5 0.415833 0.00118203
58.5 0.415833 0.00206856
61.5 0.415833 0
64.5 0.415833 0.00118203
67.5 0.415833 0
70.5 0.415833 0.000295508
73.5 0.415833 0
76.5 0.415833 0.000295508
79.5 0.415833 0
82.5 0.415833 0
85.5 0.415833 0
88.5 0.415833 0
1.5 0.4275 0.820922
4.5 0.4275 0.184988
7.5 0.4275 0.0827423
10.5 0.4275 0.0452128
13.5 0.4275 0.0301418
16.5 0.4275 0.0177305
19.5 0.4275 0.016253
22.5 0.4275 0.0135934
25.5 0.4275 0.00916076
28.5 0.4275 0.00827423
31.5 0.4275 0.00591017
34.5 0.4275 0.00531915
37.5 0.4275 0.0035461
40.5 0.4275 0.00236407
43.5 0.4275 0.00295508
46.5 0.4275 0.00177305
49.5 0.4275 0.00236407
52.5 0.4275 0.000886525
55.5 0.4275 0.00206856
58.5 0.4275 0.00177305
61.5 0.4275 0.000886525
64.5 0.4275 0
67.5 0.4275 0
70.5 0.4275 0.000591017
73.5 0.4275 0
76.5 0.4275 0
79.5 0.4275 0
82.5 0.4275 0
85.5 0.4275 0
88.5 0.4275 0
1.5 0.439167 0.885934
4.5 0.439167 0.187648
7.5 0.439167 0.0921986
10.5 0.439167 0.0428487
13.5 0.439167 0.0304374
16.5 0.439167 0.019208
19.5 0.439167 0.0150709
22.5 0.439167 0.0121158
25.5 0.439167 0.00916076
28.5 0.439167 0.00738771
31.5 0.439167 0.00561466
34.5 0.439167 0.00413712
37.5 0.439167 0.00591017
40.5 0.439167 0.0035461
43.5 0.439167 0.00206856
46.5 0.439167 0.00177305
49.5 0.439167 0.00236407
52.5 0.439167 0.000886525
55.5 0.439167 0.00118203
58.5 0.439167 0.000886525
61.5 0.439167 0.000886525
64.5 0.439167 0
67.5 0.439167 0.000295508
70.5 0.439167 0.000295508
73.5 0.439167 0
76.5 0.439167 0
79.5 0.439167 0
82.5 0.439167 0
85.5 0.439167 0
88.5 0.439167 0
1.5 0.450833 0.880615
4.5 0.450833 0.1974
7.5 0.450833 0.088948
10.5 0.450833 0.0520095
13.5 0.450833 0.0325059
16.5 0.450833 0.0206856
19.5 0.450833 0.0130024
22.5 0.450833 0.0144799
25.5 0.450833 0.00916076
28.5 0.450833 0.00620567
31.5 0.450833 0.00561466
34.5 0.450833 0.00561466
37.5 0.450833 0.00325059
40.5 0.450833 0.00443262
43.5 0.450833 0.00177305
46.5 0.450833 0.00236407
49.5 0.450833 0.00206856
52.5 0.450833 0.000591017
55.5 0.450833 0.00147754
58.5 0.450833 0.000295508
61.5 0.450833 0.00118203
64.5 0.450833 0.000886525
67.5 0.450833 0.000886525
70.5 0.450833 0
73.5 0.450833 0.000591017
76.5 0.450833 0
79.5 0.450833 0
82.5 0.450833 0
85.5 0.450833 0
88.5 0.450833 0
1.5 0.4625 0.88091
4.5 0.4625 0.205378
7.5 0.4625 0.0960402
10.5 0.4625 0.0455083
13.5 0.4625 0.0330969
16.5 0.4625 0.0212766
19.5 0.4625 0.0165485
22.5 0.4625 0.0121158
25.5 0.4625 0.0118203
28.5 0.4625 0.00827423
31.5 0.4625 0.00384161
34.5 0.4625 0.00413712
37.5 0.4625 0.00413712
40.5 0.4625 0.00236407
43.5 0.4625 0.00265957
46.5 0.4625 0.00177305
49.5 0.4625 0.00206856
52.5 0.4625 0.00118203
55.5 0.4625 0.000886525
58.5 0.4625 0.000295508
61.5 0.4625 0.00118203
64.5 0.4625 0.000295508
67.5 0.4625 0
70.5 0.4625 0.000295508
73.5 0.4625 0.000295508
76.5 0.4625 0
79.5 0.4625 0
82.5 0.4625 0
85.5 0.4625 0
88.5 0.4625 0
1.5 0.474167 0.912825
4.5 0.474167 0.207742
7.5 0.474167 0.0984043
10.5 0.474167 0.0588061
13.5 0.474167 0.0325059
16.5 0.474167 0.0209811
19.5 0.474167 0.0150709
22.5 0.474167 0.0135934
25.5 0.474167 0.00945626
28.5 0.474167 0.00975177
31.5 0.474167 0.00443262
34.5 0.474167 0.00738771
37.5 0.474167 0.00384161
40.5 0.474167 0.00384161
43.5 0.474167 0.00413712
46.5 0.474167 0.000591017
49.5 0.474167 0.00236407
52.5 0.474167 0.00177305
55.5 0.474167 0.000886525
58.5 0.474167 0.000591017
61.5 0.474167 0.000591017
64.5 0.474167 0.000295508
67.5 0.474167 0.000295508
70.5 0.474167 0.000886525
73.5 0.474167 0
76.5 0.474167 0.000295508
79.5 0.474167 0
82.5 0.474167 0
85.5 0.474167 0
88.5 0.474167 0
1.5 0.485833 0.94208
4.5 0.485833 0.193558
7.5 0.485833 0.101064
10.5 0.485833 0.052305
13.5 0.485833 0.0328014
16.5 0.485833 0.0271868
19.5 0.485833 0.0127069
22.5 0.485833 0.0112293
25.5 0.485833 0.00856974
28.5 0.485833 0.00886525
31.5 0.485833 0.00738771
34.5 0.485833 0.00443262
37.5 0.485833 0.00236407
40.5 0.485833 0.00384161
43.5 0.485833 0.00236407
46.5 0.485833 0.00147754
49.5 0.485833 0.00147754
52.5 0.485833 0.00118203
55.5 0.485833 0.00118203
58.5 0.485833 0.000591017
61.5 0.485833 0
64.5 0.485833 0.000591017
67.5 0.485833 0.000295508
70.5 0.485833 0
73.5 0.485833 0.000295508
76.5 0.485833 0
79.5 0.485833 0
82.5 0.485833 0
85.5 0.485833 0
88.5 0.485833 0
1.5 0.4975 0.988475
4.5 0.4975 0.217494
7.5 0.4975 0.0942671
10.5 0.4975 0.0558511
13.5 0.4975 0.0328014
16.5 0.4975 0.0156619
19.5 0.4975 0.0159574
22.5 0.4975 0.0165485
25.5 0.4975 0.00886525
28.5 0.4975 0.0070922
31.5 0.4975 0.00679669
34.5 0.4975 0.00502364
37.5 0.4975 0.00472813
40.5 0.4975 0.00384161
43.5 0.4975 0.00265957
46.5 0.4975 0.00265957
49.5 0.4975 0.00265957
52.5 0.4975 0.00118203
55.5 0.4975 0.000591017
58.5 0.4975 0.000295508
61.5 0.4975 0.000295508
64.5 0.4975 0
67.5 0.4975 0.000295508
70.5 0.4975 0
73.5 0.4975 0
76.5 0.4975 0.000295508
79.5 0.4975 0.000295508
82.5 0.4975 0
85.5 0.4975 0
88.5 0.4975 0
1.5 0.509167 1
4.5 0.509167 0.207151
7.5 0.509167 0.0951537
10.5 0.509167 0.0496454
13.5 0.509167 0.0298463
16.5 0.509167 0.0200946
19.5 0.509167 0.016844
22.5 0.509167 0.00975177
25.5 0.509167 0.00768322
28.5 0.509167 0.00797872
31.5 0.509167 0.00620567
34.5 0.509167 0.00413712
37.5 0.509167 0.0035461
40.5 0.509167 0.00265957
43.5 0.509167 0.00236407
46.5 0.509167 0.00236407
49.5 0.509167 0.00206856
52.5 0.509167 0.00147754
55.5 0.509167 0.000591017
58.5 0.509167 0.00147754
61.5 0.509167 0.000886525
64.5 0.509167 0.000886525
67.5 0.509167 0.000295508
70.5 0.509167 0.000295508
73.5 0.509167 0
76.5 0.509167 0
79.5 0.509167 0.000591017
82.5 0.509167 0
85.5 0.509167 0
88.5 0.509167 0
