30 30 3 0.0116667
1.5 0.170833 0
4.5 0.170833 0
7.5 0.170833 0
10.5 0.170833 0.349496
13.5 0.170833 0.229849
16.5 0.170833 0.163098
19.5 0.170833 0.115239
22.5 0.170833 0.0743073
25.5 0.170833 0.0610831
28.5 0.170833 0.052267
31.5 0.170833 0.0421914
34.5 0.170833 0.0270781
37.5 0.170833 0.0220403
40.5 0.170833 0.0201511
43.5 0.170833 0.0195214
46.5 0.170833 0.0119647
49.5 0.170833 0.00755668
52.5 0.170833 0.00629723
55.5 0.170833 0.00692695
58.5 0.170833 0.00314861
61.5 0.170833 0.00440806
64.5 0.170833 0.00251889
67.5 0.170833 0.00503778
70.5 0.170833 0.000629723
73.5 0.170833 0.000629723
76.5 0.170833 0.000629723
79.5 0.170833 0
82.5 0.170833 0
85.5 0.170833 0.000629723
88.5 0.170833 0
1.5 0.1825 0
4.5 0.1825 0
7.5 0.1825 0
10.5 0.1825 0.394836
13.5 0.1825 0.245592
16.5 0.1825 0.167506
19.5 0.1825 0.11335
22.5 0.1825 0.0843829
25.5 0.1825 0.0692695
28.5 0.1825 0.0579345
31.5 0.1825 0.040932
34.5 0.1825 0.0308564
37.5 0.1825 0.0270781
40.5 0.1825 0.0195214
43.5 0.1825 0.0188917
46.5 0.1825 0.0125945
49.5 0.1825 0.00881612
52.5 0.1825 0.00629723
55.5 0.1825 0.00251889
58.5 0.1825 0.00566751
61.5 0.1825 0.00377834
64.5 0.1825 0.00503778
67.5 0.1825 0.00125945
70.5 0.1825 0.00188917
73.5 0.1825 0
76.5 0.1825 0
79.5 0.1825 0.000629723
82.5 0.1825 0.00125945
85.5 0.1825 0
88.5 0.1825 0
1.5 0.194167 0
4.5 0.194167 0
7.5 0.194167 0
10.5 0.194167 0.433249
13.5 0.194167 0.24937
16.5 0.194167 0.156171
19.5 0.194167 0.130353
22.5 0.194167 0.0925693
25.5 0.194167 0.0629723
28.5 0.194167 0.0535264
31.5 0.194167 0.0465995
34.5 0.194167 0.0302267
37.5 0.194167 0.0277078
40.5 0.194167 0.018262
43.5 0.194167 0.0232997
46.5 0.194167 0.0100756
49.5 0.194167 0.0100756
52.5 0.194167 0.00944584
55.5 0.194167 0.0107053
58.5 0.194167 0.00503778
61.5 0.194167 0.00629723
64.5 0.194167 0.00503778
67.5 0.194167 0.00188917
70.5 0.194167 0.00188917
73.5 0.194167 0.00188917
76.5 0.194167 0
79.5 0.194167 0
82.5 0.194167 0
85.5 0.194167 0
88.5 0.194167 0
1.5 0.205833 0
4.5 0.205833 0
7.5 0.205833 0
10.5 0.205833 0.43199
13.5 0.205833 0.275819
16.5 0.205833 0.198363
19.5 0.205833 0.130353
22.5 0.205833 0.093199
25.5 0.205833 0.081864
28.5 0.205833 0.0673804
31.5 0.205833 0.0516373
34.5 0.205833 0.0371537
37.5 0.205833 0.0270781
40.5 0.205833 0.0232997
43.5 0.205833 0.0176322
46.5 0.205833 0.0157431
49.5 0.205833 0.00944584
52.5 0.205833 0.00881612
55.5 0.205833 0.00755668
58.5 0.205833 0.00503778
61.5 0.205833 0.00314861
64.5 0.205833 0.00251889
67.5 0.205833 0.00125945
70.5 0.205833 0.00251889
73.5 0.205833 0.00125945
76.5 0.205833 0.000629723
79.5 0.205833 0
82.5 0.205833 0
85.5 0.205833 0
88.5 0.205833 0
1.5 0.2175 0
4.5 0.2175 0
7.5 0.2175 0
10.5 0.2175 0.461587
13.5 0.2175 0.279597
16.5 0.2175 0.178212
19.5 0.2175 0.131612
22.5 0.2175 0.0938287
25.5 0.2175 0.0806045
28.5 0.2175 0.052267
31.5 0.2175 0.0478589
34.5 0.2175 0.0346348
37.5 0.2175 0.0308564
40.5 0.2175 0.0264484
43.5 0.2175 0.0232997
46.5 0.2175 0.018262
49.5 0.2175 0.0157431
52.5 0.2175 0.0119647
55.5 0.2175 0.00944584
58.5 0.2175 0.00755668
61.5 0.2175 0.00251889
64.5 0.2175 0.00377834
67.5 0.2175 0.00251889
70.5 0.2175 0.000629723
73.5 0.2175 0.00188917
76.5 0.2175 0.00125945
79.5 0.2175 0.000629723
82.5 0.2175 0
85.5 0.2175 0
88.5 0.2175 0
1.5 0.229167 0
4.5 0.229167 0
7.5 0.229167 0
10.5 0.229167 0.472292
13.5 0.229167 0.284005
16.5 0.229167 0.20403
19.5 0.229167 0.145466
22.5 0.229167 0.0950882
25.5 0.229167 0.081864
28.5 0.229167 0.0698992
31.5 0.229167 0.0528967
34.5 0.229167 0.0321159
37.5 0.229167 0.0377834
40.5 0.229167 0.0157431
43.5 0.229167 0.02267
46.5 0.229167 0.0132242
49.5 0.229167 0.0107053
52.5 0.229167 0.011335
55.5 0.229167 0.00881612
58.5 0.229167 0.00944584
61.5 0.229167 0.00755668
64.5 0.229167 0.00503778
67.5 0.229167 0.00314861
70.5 0.229167 0.000629723
73.5 0.229167 0.00125945
76.5 0.229167 0.000629723
79.5 0.229167 0.000629723
82.5 0.229167 0
85.5 0.229167 0
88.5 0.229167 0
1.5 0.240833 0
4.5 0.240833 0
7.5 0.240833 0
10.5 0.240833 0.4767
13.5 0.240833 0.337531
16.5 0.240833 0.219144
19.5 0.240833 0.169395
22.5 0.240833 0.109572
25.5 0.240833 0.0875315
28.5 0.240833 0.0680101
31.5 0.240833 0.0566751
34.5 0.240833 0.0472292
37.5 0.240833 0.0371537
40.5 0.240833 0.0346348
43.5 0.240833 0.0201511
46.5 0.240833 0.0214106
49.5 0.240833 0.011335
52.5 0.240833 0.00944584
55.5 0.240833 0.00692695
58.5 0.240833 0.00881612
61.5 0.240833 0.00440806
64.5 0.240833 0.00377834
67.5 0.240833 0.00440806
70.5 0.240833 0.000629723
73.5 0.240833 0
76.5 0.240833 0
79.5 0.240833 0.000629723
82.5 0.240833 0
85.5 0.240833 0
88.5 0.240833 0
1.5 0.2525 0
4.5 0.2525 0
7.5 0.2525 0
10.5 0.2525 0.492443
13.5 0.2525 0.34131
16.5 0.2525 0.241184
19.5 0.2525 0.177582
22.5 0.2525 0.111461
25.5 0.2525 0.0774559
28.5 0.2525 0.074937
31.5 0.2525 0.0528967
34.5 0.2525 0.0421914
37.5 0.2525 0.0403023
40.5 0.2525 0.0302267
43.5 0.2525 0.0220403
46.5 0.2525 0.0176322
49.5 0.2525 0.02267
52.5 0.2525 0.011335
55.5 0.2525 0.00692695
58.5 0.2525 0.00440806
61.5 0.2525 0.00692695
64.5 0.2525 0.00251889
67.5 0.2525 0.00251889
70.5 0.2525 0.000629723
73.5 0.2525 0.000629723
76.5 0.2525 0
79.5 0.2525 0.00125945
82.5 0.2525 0
85.5 0.2525 0
88.5 0.2525 0
1.5 0.264167 0
4.5 0.264167 0
7.5 0.264167 0
10.5 0.264167 0.532746
13.5 0.264167 0.334383
16.5 0.264167 0.214736
19.5 0.264167 0.163098
22.5 0.264167 0.104534
25.5 0.264167 0.105164
28.5 0.264167 0.0667506
31.5 0.264167 0.0579345
34.5 0.264167 0.0573048
37.5 0.264167 0.040932
40.5 0.264167 0.0384131
43.5 0.264167 0.0308564
46.5 0.264167 0.0201511
49.5 0.264167 0.0132242
52.5 0.264167 0.0119647
55.5 0.264167 0.00629723
58.5 0.264167 0.00440806
61.5 0.264167 0.00503778
64.5 0.264167 0.00629723
67.5 0.264167 0.00314861
70.5 0.264167 0.00566751
73.5 0.264167 0.00188917
76.5 0.264167 0.00125945
79.5 0.264167 0.000629723
82.5 0.264167 0.000629723
85.5 0.264167 0
88.5 0.264167 0
1.5 0.275833 0
4.5 0.275833 0
7.5 0.275833 0
10.5 0.275833 0.583123
13.5 0.275833 0.352015
16.5 0.275833 0.223552
19.5 0.275833 0.173174
22.5 0.275833 0.121537
25.5 0.275833 0.115239
28.5 0.275833 0.070529
31.5 0.275833 0.059194
34.5 0.275833 0.0390428
37.5 0.275833 0.0384131
40.5 0.275833 0.0333753
43.5 0.275833 0.0258186
46.5 0.275833 0.02267
49.5 0.275833 0.0170025
52.5 0.275833 0.0151134
55.5 0.275833 0.0125945
58.5 0.275833 0.0107053
61.5 0.275833 0.0081864
64.5 0.275833 0.00314861
67.5 0.275833 0.00125945
70.5 0.275833 0.00125945
73.5 0.275833 0.00125945
76.5 0.275833 0
79.5 0.275833 0
82.5 0.275833 0
85.5 0.275833 0.000629723
88.5 0.275833 0
1.5 0.2875 0
4.5 0.2875 0
7.5 0.2875 0
10.5 0.2875 0.600126
13.5 0.2875 0.352015
16.5 0.2875 0.254408
19.5 0.2875 0.178841
22.5 0.2875 0.146725
25.5 0.2875 0.101385
28.5 0.2875 0.0925693
31.5 0.2875 0.0484887
34.5 0.2875 0.040932
37.5 0.2875 0.0428212
40.5 0.2875 0.0239295
43.5 0.2875 0.0214106
46.5 0.2875 0.018262
49.5 0.2875 0.0157431
52.5 0.2875 0.011335
55.5 0.2875 0.0100756
58.5 0.2875 0.011335
61.5 0.2875 0.00566751
64.5 0.2875 0.00251889
67.5 0.2875 0.00314861
70.5 0.2875 0.00125945
73.5 0.2875 0
76.5 0.2875 0.000629723
79.5 0.2875 0.00125945
82.5 0.2875 0
85.5 0.2875 0
88.5 0.2875 0
1.5 0.299167 0
4.5 0.299167 0
7.5 0.299167 0
10.5 0.299167 0.625945
13.5 0.299167 0.394836
16.5 0.299167 0.263224
19.5 0.299167 0.185139
22.5 0.299167 0.143577
25.5 0.299167 0.100756
28.5 0.299167 0.0963476
31.5 0.299167 0.059194
34.5 0.299167 0.0440806
37.5 0.299167 0.0510076
40.5 0.299167 0.0302267
43.5 0.299167 0.0308564
46.5 0.299167 0.0270781
49.5 0.299167 0.0144836
52.5 0.299167 0.0119647
55.5 0.299167 0.011335
58.5 0.299167 0.011335
61.5 0.299167 0.00566751
64.5 0.299167 0.00377834
67.5 0.299167 0.00251889
70.5 0.299167 0.00188917
73.5 0.299167 0.00125945
76.5 0.299167 0.000629723
79.5 0.299167 0
82.5 0.299167 0
85.5 0.299167 0.000629723
88.5 0.299167 0
1.5 0.310833 0
4.5 0.310833 0
7.5 0.310833 0
10.5 0.310833 0.643577
13.5 0.310833 0.404912
16.5 0.310833 0.279597
19.5 0.310833 0.197103
22.5 0.310833 0.125945
25.5 0.310833 0.104534
28.5 0.310833 0.0799748
31.5 0.310833 0.0711587
34.5 0.310833 0.0528967
37.5 0.310833 0.0352645
40.5 0.310833 0.0327456
43.5 0.310833 0.0251889
46.5 0.310833 0.0214106
49.5 0.310833 0.0195214
52.5 0.310833 0.011335
55.5 0.310833 0.0081864
58.5 0.310833 0.00944584
61.5 0.310833 0.00629723
64.5 0.310833 0.00314861
67.5 0.310833 0.00251889
70.5 0.310833 0.00125945
73.5 0.310833 0.00188917
76.5 0.310833 0
79.5 0.310833 0.000629723
82.5 0.310833 0
85.5 0.310833 0
88.5 0.310833 0
1.5 0.3225 0
4.5 0.3225 0
7.5 0.3225 0
10.5 0.3225 0.685768
13.5 0.3225 0.403652
16.5 0.3225 0.283375
19.5 0.3225 0.192065
22.5 0.3225 0.144836
25.5 0.3225 0.122166
28.5 0.3225 0.0994962
31.5 0.3225 0.0755668
34.5 0.3225 0.0528967
37.5 0.3225 0.0358942
40.5 0.3225 0.040932
43.5 0.3225 0.0314861
46.5 0.3225 0.02267
49.5 0.3225 0.0232997
52.5 0.3225 0.0144836
55.5 0.3225 0.0125945
58.5 0.3225 0.00692695
61.5 0.3225 0.00440806
64.5 0.3225 0.00503778
67.5 0.3225 0.00377834
70.5 0.3225 0.00125945
73.5 0.3225 0.00188917
76.5 0.3225 0.00188917
79.5 0.3225 0
82.5 0.3225 0
85.5 0.3225 0
88.5 0.3225 0.000629723
1.5 0.334167 0
4.5 0.334167 0
7.5 0.334167 0
10.5 0.334167 0.672544
13.5 0.334167 0.401134
16.5 0.334167 0.280856
19.5 0.334167 0.195844
22.5 0.334167 0.156171
25.5 0.334167 0.115239
28.5 0.334167 0.0881612
31.5 0.334167 0.0894207
34.5 0.334167 0.0579345
37.5 0.334167 0.0459698
40.5 0.334167 0.0308564
43.5 0.334167 0.0352645
46.5 0.334167 0.0239295
49.5 0.334167 0.0125945
52.5 0.334167 0.0245592
55.5 0.334167 0.00944584
58.5 0.334167 0.00881612
61.5 0.334167 0.00377834
64.5 0.334167 0.00314861
67.5 0.334167 0.00188917
70.5 0.334167 0.00188917
73.5 0.334167 0.00377834
76.5 0.334167 0.00125945
79.5 0.334167 0.000629723
82.5 0.334167 0.000629723
85.5 0.334167 0.000629723
88.5 0.334167 0
1.5 0.345833 0
4.5 0.345833 0
7.5 0.345833 0
10.5 0.345833 0.703401
13.5 0.345833 0.445214
16.5 0.345833 0.282746
19.5 0.345833 0.197733
22.5 0.345833 0.155542
25.5 0.345833 0.109572
28.5 0.345833 0.0850126
31.5 0.345833 0.0673804
34.5 0.345833 0.0585642
37.5 0.345833 0.0497481
40.5 0.345833 0.0421914
43.5 0.345833 0.0346348
46.5 0.345833 0.0302267
49.5 0.345833 0.0188917
52.5 0.345833 0.0195214
55.5 0.345833 0.0100756
58.5 0.345833 0.0100756
61.5 0.345833 0.00692695
64.5 0.345833 0.00629723
67.5 0.345833 0.00440806
70.5 0.345833 0.00251889
73.5 0.345833 0
76.5 0.345833 0.00125945
79.5 0.345833 0
82.5 0.345833 0
85.5 0.345833 0
88.5 0.345833 0
1.5 0.3575 0
4.5 0.3575 0
7.5 0.3575 0
10.5 0.3575 0.712217
13.5 0.3575 0.447103
16.5 0.3575 0.301008
19.5 0.3575 0.220403
22.5 0.3575 0.171914
25.5 0.3575 0.117128
28.5 0.3575 0.110202
31.5 0.3575 0.0617128
34.5 0.3575 0.0528967
37.5 0.3575 0.0573048
40.5 0.3575 0.0478589
43.5 0.3575 0.029597
46.5 0.3575 0.0214106
49.5 0.3575 0.0201511
52.5 0.3575 0.0201511
55.5 0.3575 0.0100756
58.5 0.3575 0.0081864
61.5 0.3575 0.00440806
64.5 0.3575 0.00440806
67.5 0.3575 0.00125945
70.5 0.3575 0.00377834
73.5 0.3575 0.00188917
76.5 0.3575 0.00125945
79.5 0.3575 0.000629723
82.5 0.3575 0.000629723
85.5 0.3575 0
88.5 0.3575 0
1.5 0.369167 0
4.5 0.369167 0
7.5 0.369167 0
10.5 0.369167 0.731738
13.5 0.369167 0.472292
16.5 0.369167 0.333123
19.5 0.369167 0.234887
22.5 0.369167 0.170655
25.5 0.369167 0.106423
28.5 0.369167 0.103275
31.5 0.369167 0.0919395
34.5 0.369167 0.0730479
37.5 0.369167 0.0528967
40.5 0.369167 0.0510076
43.5 0.369167 0.0270781
46.5 0.369167 0.0251889
49.5 0.369167 0.0220403
52.5 0.369167 0.011335
55.5 0.369167 0.00944584
58.5 0.369167 0.0100756
61.5 0.369167 0.0107053
64.5 0.369167 0.00440806
67.5 0.369167 0.00377834
70.5 0.369167 0.00440806
73.5 0.369167 0.00251889
76.5 0.369167 0.000629723
79.5 0.369167 0
82.5 0.369167 0.000629723
85.5 0.369167 0
88.5 0.369167 0
1.5 0.380833 0
4.5 0.380833 0
7.5 0.380833 0
10.5 0.380833 0.755038
13.5 0.380833 0.446474
16.5 0.380833 0.331864
19.5 0.380833 0.221662
22.5 0.380833 0.170025
25.5 0.380833 0.140428
28.5 0.380833 0.0994962
31.5 0.380833 0.0730479
34.5 0.380833 0.0598237
37.5 0.380833 0.052267
40.5 0.380833 0.0415617
43.5 0.380833 0.0327456
46.5 0.380833 0.0283375
49.5 0.380833 0.0138539
52.5 0.380833 0.0163728
55.5 0.380833 0.0125945
58.5 0.380833 0.0100756
61.5 0.380833 0.0125945
64.5 0.380833 0.00440806
67.5 0.380833 0.00503778
70.5 0.380833 0.00188917
73.5 0.380833 0
76.5 0.380833 0
79.5 0.380833 0
82.5 0.380833 0.000629723
85.5 0.380833 0.000629723
88.5 0.380833 0
1.5 0.3925 0
4.5 0.3925 0
7.5 0.3925 0
10.5 0.3925 0.782746
13.5 0.3925 0.480479
16.5 0.3925 0.325567
19.5 0.3925 0.232997
22.5 0.3925 0.180101
25.5 0.3925 0.124685
28.5 0.3925 0.104534
31.5 0.3925 0.0869018
34.5 0.3925 0.0680101
37.5 0.3925 0.059194
40.5 0.3925 0.0358942
43.5 0.3925 0.0333753
46.5 0.3925 0.0264484
49.5 0.3925 0.0232997
52.5 0.3925 0.0170025
55.5 0.3925 0.0125945
58.5 0.3925 0.00944584
61.5 0.3925 0.00629723
64.5 0.3925 0.00440806
67.5 0.3925 0.00314861
70.5 0.3925 0.00377834
73.5 0.3925 0
76.5 0.3925 0
79.5 0.3925 0.000629723
82.5 0.3925 0
85.5 0.3925 0
88.5 0.3925 0
1.5 0.404167 0
4.5 0.404167 0
7.5 0.404167 0
10.5 0.404167 0.808564
13.5 0.404167 0.493703
16.5 0.404167 0.36272
19.5 0.404167 0.246851
22.5 0.404167 0.188287
25.5 0.404167 0.141688
28.5 0.404167 0.104534
31.5 0.404167 0.0843829
34.5 0.404167 0.0692695
37.5 0.404167 0.0573048
40.5 0.404167 0.0453401
43.5 0.404167 0.0403023
46.5 0.404167 0.0239295
49.5 0.404167 0.0220403
52.5 0.404167 0.0176322
55.5 0.404167 0.0157431
58.5 0.404167 0.00944584
61.5 0.404167 0.00440806
64.5 0.404167 0.00692695
67.5 0.404167 0.00440806
70.5 0.404167 0.00251889
73.5 0.404167 0.00125945
76.5 0.404167 0.00125945
79.5 0.404167 0.00125945
82.5 0.404167 0.000629723
85.5 0.404167 0
88.5 0.404167 0
1.5 0.415833 0
4.5 0.415833 0
7.5 0.415833 0
10.5 0.415833 0.824307
13.5 0.415833 0.526448
16.5 0.415833 0.327456
19.5 0.415833 0.234887
22.5 0.415833 0.163728
25.5 0.415833 0.132872
28.5 0.415833 0.117128
31.5 0.415833 0.0856423
34.5 0.415833 0.0850126
37.5 0.415833 0.0484887
40.5 0.415833 0.0453401
43.5 0.415833 0.0434509
46.5 0.415833 0.0289673
49.5 0.415833 0.0239295
52.5 0.415833 0.0125945
55.5 0.415833 0.0151134
58.5 0.415833 0.0138539
61.5 0.415833 0.0119647
64.5 0.415833 0.00440806
67.5 0.415833 0.00566751
70.5 0.415833 0.000629723
73.5 0.415833 0.00188917
76.5 0.415833 0.00188917
79.5 0.415833 0
82.5 0.415833 0
85.5 0.415833 0
88.5 0.415833 0
1.5 0.4275 0
4.5 0.4275 0
7.5 0.4275 0
10.5 0.4275 0.871537
13.5 0.4275 0.534635
16.5 0.4275 0.326196
19.5 0.4275 0.246851
22.5 0.4275 0.185768
25.5 0.4275 0.140428
28.5 0.4275 0.115239
31.5 0.4275 0.0969773
34.5 0.4275 0.0755668
37.5 0.4275 0.0617128
40.5 0.4275 0.0484887
43.5 0.4275 0.0384131
46.5 0.4275 0.029597
49.5 0.4275 0.0239295
52.5 0.4275 0.0176322
55.5 0.4275 0.0151134
58.5 0.4275 0.0138539
61.5 0.4275 0.00881612
64.5 0.4275 0.00503778
67.5 0.4275 0.000629723
70.5 0.4275 0.00251889
73.5 0.4275 0.00125945
76.5 0.4275 0.00188917
79.5 0.4275 0.000629723
82.5 0.4275 0
85.5 0.4275 0
88.5 0.4275 0
1.5 0.439167 0
4.5 0.439167 0
7.5 0.439167 0
10.5 0.439167 0.88728
13.5 0.439167 0.518262
16.5 0.439167 0.323048
19.5 0.439167 0.24937
22.5 0.439167 0.203401
25.5 0.439167 0.169395
28.5 0.439167 0.101385
31.5 0.439167 0.0913098
34.5 0.439167 0.0881612
37.5 0.439167 0.0604534
40.5 0.439167 0.0447103
43.5 0.439167 0.0365239
46.5 0.439167 0.0327456
49.5 0.439167 0.0220403
52.5 0.439167 0.0188917
55.5 0.439167 0.0107053
58.5 0.439167 0.00755668
61.5 0.439167 0.00503778
64.5 0.439167 0.00503778
67.5 0.439167 0.00188917
70.5 0.439167 0.00377834
73.5 0.439167 0.00125945
76.5 0.439167 0.000629723
79.5 0.439167 0.00125945
82.5 0.439167 0
85.5 0.439167 0
88.5 0.439167 0
1.5 0.450833 0
4.5 0.450833 0
7.5 0.450833 0
10.5 0.450833 0.903023
13.5 0.450833 0.541562
16.5 0.450833 0.36272
19.5 0.450833 0.299118
22.5 0.450833 0.194584
25.5 0.450833 0.147355
28.5 0.450833 0.127834
31.5 0.450833 0.0969773
34.5 0.450833 0.0724181
37.5 0.450833 0.059194
40.5 0.450833 0.0434509
43.5 0.450833 0.0371537
46.5 0.450833 0.034005
49.5 0.450833 0.0214106
52.5 0.450833 0.0163728
55.5 0.450833 0.0176322
58.5 0.450833 0.011335
61.5 0.450833 0.00566751
64.5 0.450833 0.00692695
67.5 0.450833 0.00314861
70.5 0.450833 0.00251889
73.5 0.450833 0.00251889
76.5 0.450833 0.00125945
79.5 0.450833 0.000629723
82.5 0.450833 0.000629723
85.5 0.450833 0
88.5 0.450833 0
1.5 0.4625 0
4.5 0.4625 0
7.5 0.4625 0
10.5 0.4625 0.88728
13.5 0.4625 0.577456
16.5 0.4625 0.369647
19.5 0.4625 0.266373
22.5 0.4625 0.212217
25.5 0.4625 0.176322
28.5 0.4625 0.123426
31.5 0.4625 0.104534
34.5 0.4625 0.0761965
37.5 0.4625 0.0547859
40.5 0.4625 0.0560453
43.5 0.4625 0.0283375
46.5 0.4625 0.0283375
49.5 0.4625 0.0201511
52.5 0.4625 0.0232997
55.5 0.4625 0.0125945
58.5 0.4625 0.0107053
61.5 0.4625 0.00755668
64.5 0.4625 0.00440806
67.5 0.4625 0.00188917
70.5 0.4625 0.00377834
73.5 0.4625 0.00125945
76.5 0.4625 0.000629723
79.5 0.4625 0.000629723
82.5 0.4625 0
85.5 0.4625 0
88.5 0.4625 0
1.5 0.474167 0
4.5 0.474167 0
7.5 0.474167 0
10.5 0.474167 0.953401
13.5 0.474167 0.605793
16.5 0.474167 0.393577
19.5 0.474167 0.296599
22.5 0.474167 0.20529
25.5 0.474167 0.15869
28.5 0.474167 0.115869
31.5 0.474167 0.0988665
34.5 0.474167 0.0780856
37.5 0.474167 0.0642317
40.5 0.474167 0.0440806
43.5 0.474167 0.0478589
46.5 0.474167 0.0365239
49.5 0.474167 0.0214106
52.5 0.474167 0.011335
55.5 0.474167 0.0176322
58.5 0.474167 0.00944584
61.5 0.474167 0.0081864
64.5 0.474167 0.00377834
67.5 0.474167 0.00377834
70.5 0.474167 0.00377834
73.5 0.474167 0.00125945
76.5 0.474167 0.00125945
79.5 0.474167 0
82.5 0.474167 0
85.5 0.474167 0
88.5 0.474167 0
1.5 0.485833 0
4.5 0.485833 0
7.5 0.485833 0
10.5 0.485833 0.918766
13.5 0.485833 0.595718
16.5 0.485833 0.381612
19.5 0.485833 0.287154
22.5 0.485833 0.209068
25.5 0.485833 0.164358
28.5 0.485833 0.123426
31.5 0.485833 0.102645
34.5 0.485833 0.0812343
37.5 0.485833 0.0617128
40.5 0.485833 0.0516373
43.5 0.485833 0.0390428
46.5 0.485833 0.0390428
49.5 0.485833 0.0245592
52.5 0.485833 0.0188917
55.5 0.485833 0.018262
58.5 0.485833 0.0100756
61.5 0.485833 0.011335
64.5 0.485833 0.00944584
67.5 0.485833 0.00251889
70.5 0.485833 0.00125945
73.5 0.485833 0.000629723
76.5 0.485833 0.00125945
79.5 0.485833 0.000629723
82.5 0.485833 0
85.5 0.485833 0
88.5 0.485833 0
1.5 0.4975 0
4.5 0.4975 0
7.5 0.4975 0
10.5 0.4975 0.921914
13.5 0.4975 0.595718
16.5 0.4975 0.430101
19.5 0.4975 0.29597
22.5 0.4975 0.241184
25.5 0.4975 0.161839
28.5 0.4975 0.137909
31.5 0.4975 0.109572
34.5 0.4975 0.0913098
37.5 0.4975 0.0554156
40.5 0.4975 0.0453401
43.5 0.4975 0.0497481
46.5 0.4975 0.0277078
49.5 0.4975 0.0321159
52.5 0.4975 0.0214106
55.5 0.4975 0.0163728
58.5 0.4975 0.0100756
61.5 0.4975 0.011335
64.5 0.4975 0.00692695
67.5 0.4975 0.00692695
70.5 0.4975 0.00125945
73.5 0.4975 0.00377834
76.5 0.4975 0.000629723
79.5 0.4975 0
82.5 0.4975 0.000629723
85.5 0.4975 0
88.5 0.4975 0
1.5 0.509167 0
4.5 0.509167 0
7.5 0.509167 0
10.5 0.509167 1
13.5 0.509167 0.627204
16.5 0.509167 0.413098
19.5 0.509167 0.280227
22.5 0.509167 0.217254
25.5 0.509167 0.185139
28.5 0.509167 0.147355
31.5 0.509167 0.0925693
34.5 0.509167 0.086272
37.5 0.509167 0.0667506
40.5 0.509167 0.0661209
43.5 0.509167 0.0377834
46.5 0.509167 0.029597
49.5 0.509167 0.0258186
52.5 0.509167 0.0201511
55.5 0.509167 0.0144836
58.5 0.509167 0.00944584
61.5 0.509167 0.00629723
64.5 0.509167 0.00314861
67.5 0.509167 0.00503778
70.5 0.509167 0.00188917
73.5 0.509167 0.00251889
76.5 0.509167 0.00125945
79.5 0.509167 0
82.5 0.509167 0
85.5 0.509167 0
88.5 0.509167 0
