30 30 3 0.0116667
1.5 0.170833 0.432914
4.5 0.170833 0.232214
7.5 0.170833 0.12722
10.5 0.170833 0.0733279
13.5 0.170833 0.0409012
16.5 0.170833 0.0273013
19.5 0.170833 0.0210088
22.5 0.170833 0.0174566
25.5 0.170833 0.0122298
28.5 0.170833 0.0112656
31.5 0.170833 0.00852532
34.5 0.170833 0.0075104
37.5 0.170833 0.0056328
40.5 0.170833 0.00512534
43.5 0.170833 0.00370446
46.5 0.170833 0.00268954
49.5 0.170833 0.00289252
52.5 0.170833 0.00228357
55.5 0.170833 0.00167462
58.5 0.170833 0.00126865
61.5 0.170833 0.000862681
64.5 0.170833 0.000710444
67.5 0.170833 0.000761189
70.5 0.170833 0.000152238
73.5 0.170833 5.0746e-05
76.5 0.170833 0.000202984
79.5 0.170833 0.000202984
82.5 0.170833 0
85.5 0.170833 5.0746e-05
88.5 0.170833 0
1.5 0.1825 0.44149
4.5 0.1825 0.23262
7.5 0.1825 0.132498
10.5 0.1825 0.0715518
13.5 0.1825 0.0460266
16.5 0.1825 0.0310058
19.5 0.1825 0.0221252
22.5 0.1825 0.0185223
25.5 0.1825 0.0139044
28.5 0.1825 0.0112149
31.5 0.1825 0.00862681
34.5 0.1825 0.00776413
37.5 0.1825 0.00537907
40.5 0.1825 0.00477012
43.5 0.1825 0.00405968
46.5 0.1825 0.00314625
49.5 0.1825 0.00228357
52.5 0.1825 0.00248655
55.5 0.1825 0.00192835
58.5 0.1825 0.0012179
61.5 0.1825 0.00116716
64.5 0.1825 0.000761189
67.5 0.1825 0.000355222
70.5 0.1825 0.000710444
73.5 0.1825 0.000202984
76.5 0.1825 0.000101492
79.5 0.1825 0.000101492
82.5 0.1825 0.000101492
85.5 0.1825 0
88.5 0.1825 0
1.5 0.194167 0.402771
4.5 0.194167 0.207348
7.5 0.194167 0.118695
10.5 0.194167 0.0649548
13.5 0.194167 0.0429818
16.5 0.194167 0.0293819
19.5 0.194167 0.0192835
22.5 0.194167 0.0164417
25.5 0.194167 0.0138536
28.5 0.194167 0.00994621
31.5 0.194167 0.00796712
34.5 0.194167 0.00756115
37.5 0.194167 0.00537907
40.5 0.194167 0.00548056
43.5 0.194167 0.00405968
46.5 0.194167 0.003197
49.5 0.194167 0.0018776
52.5 0.194167 0.00238506
55.5 0.194167 0.00177611
58.5 0.194167 0.000811935
61.5 0.194167 0.0012179
64.5 0.194167 0.000608952
67.5 0.194167 0.000558206
70.5 0.194167 0.000202984
73.5 0.194167 0.000202984
76.5 0.194167 0.000152238
79.5 0.194167 0.000101492
82.5 0.194167 0.000152238
85.5 0.194167 0
88.5 0.194167 0
1.5 0.205833 0.42038
4.5 0.205833 0.219476
7.5 0.205833 0.124378
10.5 0.205833 0.0734294
13.5 0.205833 0.0446564
16.5 0.205833 0.0301431
19.5 0.205833 0.0223282
22.5 0.205833 0.0172029
25.5 0.205833 0.012991
28.5 0.205833 0.0113164
31.5 0.205833 0.00969248
34.5 0.205833 0.00710444
37.5 0.205833 0.00644474
40.5 0.205833 0.00502385
43.5 0.205833 0.00385669
46.5 0.205833 0.0030955
49.5 0.205833 0.00289252
52.5 0.205833 0.00223282
55.5 0.205833 0.00177611
58.5 0.205833 0.00101492
61.5 0.205833 0.00111641
64.5 0.205833 0.000964173
67.5 0.205833 0.000558206
70.5 0.205833 0.000558206
73.5 0.205833 0.000405968
76.5 0.205833 0.000152238
79.5 0.205833 5.0746e-05
82.5 0.205833 0.000101492
85.5 0.205833 5.0746e-05
88.5 0.205833 5.0746e-05
1.5 0.2175 0.441642
4.5 0.2175 0.231249
7.5 0.2175 0.130417
10.5 0.2175 0.0766264
13.5 0.2175 0.0484624
16.5 0.2175 0.0311073
19.5 0.2175 0.0240536
22.5 0.2175 0.0179133
25.5 0.2175 0.0149701
28.5 0.2175 0.0120268
31.5 0.2175 0.00842383
34.5 0.2175 0.00745966
37.5 0.2175 0.00679996
40.5 0.2175 0.00471937
43.5 0.2175 0.00411042
46.5 0.2175 0.00350147
49.5 0.2175 0.00334923
52.5 0.2175 0.0030955
55.5 0.2175 0.00167462
58.5 0.2175 0.00167462
61.5 0.2175 0.00111641
64.5 0.2175 0.000913427
67.5 0.2175 0.000811935
70.5 0.2175 0.000456714
73.5 0.2175 0.00025373
76.5 0.2175 0.000355222
79.5 0.2175 5.0746e-05
82.5 0.2175 0.000101492
85.5 0.2175 0.000101492
88.5 0.2175 0
1.5 0.229167 0.477063
4.5 0.229167 0.240739
7.5 0.229167 0.136659
10.5 0.229167 0.0800771
13.5 0.229167 0.0474982
16.5 0.229167 0.0330864
19.5 0.229167 0.0253222
22.5 0.229167 0.0174566
25.5 0.229167 0.0154775
28.5 0.229167 0.0112149
31.5 0.229167 0.00908353
34.5 0.229167 0.00776413
37.5 0.229167 0.00756115
40.5 0.229167 0.00603877
43.5 0.229167 0.00482087
46.5 0.229167 0.00355222
49.5 0.229167 0.00314625
52.5 0.229167 0.00268954
55.5 0.229167 0.00192835
58.5 0.229167 0.00157312
61.5 0.229167 0.00111641
64.5 0.229167 0.00101492
67.5 0.229167 0.000761189
70.5 0.229167 0.000304476
73.5 0.229167 0.000355222
76.5 0.229167 0.000152238
79.5 0.229167 0.000101492
82.5 0.229167 5.0746e-05
85.5 0.229167 5.0746e-05
88.5 0.229167 0
1.5 0.240833 0.490155
4.5 0.240833 0.252258
7.5 0.240833 0.144271
10.5 0.240833 0.0859637
13.5 0.240833 0.0521161
16.5 0.240833 0.0368923
19.5 0.240833 0.0259819
22.5 0.240833 0.0175074
25.5 0.240833 0.0147671
28.5 0.240833 0.0122298
31.5 0.240833 0.0104537
34.5 0.240833 0.00867756
37.5 0.240833 0.00720593
40.5 0.240833 0.00568355
43.5 0.240833 0.00578504
46.5 0.240833 0.00426266
49.5 0.240833 0.0030955
52.5 0.240833 0.00284177
55.5 0.240833 0.00172536
58.5 0.240833 0.00142089
61.5 0.240833 0.00106567
64.5 0.240833 0.00106567
67.5 0.240833 0.00025373
70.5 0.240833 0.000355222
73.5 0.240833 0.000405968
76.5 0.240833 0.000152238
79.5 0.240833 0.000101492
82.5 0.240833 0
85.5 0.240833 0
88.5 0.240833 0
1.5 0.2525 0.509997
4.5 0.2525 0.261748
7.5 0.2525 0.154014
10.5 0.2525 0.0875368
13.5 0.2525 0.0547549
16.5 0.2525 0.0366386
19.5 0.2525 0.0280118
22.5 0.2525 0.018776
25.5 0.2525 0.0159342
28.5 0.2525 0.0115701
31.5 0.2525 0.0113164
34.5 0.2525 0.00969248
37.5 0.2525 0.00634325
40.5 0.2525 0.00573429
43.5 0.2525 0.00446564
46.5 0.2525 0.00426266
49.5 0.2525 0.00294327
52.5 0.2525 0.00314625
55.5 0.2525 0.00324774
58.5 0.2525 0.00177611
61.5 0.2525 0.00147163
64.5 0.2525 0.00101492
67.5 0.2525 0.000659698
70.5 0.2525 0.000659698
73.5 0.2525 0.000405968
76.5 0.2525 0.000101492
79.5 0.2525 5.0746e-05
82.5 0.2525 0.000152238
85.5 0.2525 0
88.5 0.2525 0
1.5 0.264167 0.532528
4.5 0.264167 0.271846
7.5 0.264167 0.16122
10.5 0.264167 0.0875875
13.5 0.264167 0.0568355
16.5 0.264167 0.0381102
19.5 0.264167 0.0271491
22.5 0.264167 0.0218715
25.5 0.264167 0.0165432
28.5 0.264167 0.0139044
31.5 0.264167 0.0104537
34.5 0.264167 0.00872831
37.5 0.264167 0.0075104
40.5 0.264167 0.00649548
43.5 0.264167 0.00522683
46.5 0.264167 0.00324774
49.5 0.264167 0.00284177
52.5 0.264167 0.00324774
55.5 0.264167 0.00238506
58.5 0.264167 0.00177611
61.5 0.264167 0.00101492
64.5 0.264167 0.000862681
67.5 0.264167 0.00106567
70.5 0.264167 0.000608952
73.5 0.264167 0.000202984
76.5 0.264167 5.0746e-05
79.5 0.264167 0.000101492
82.5 0.264167 0.000152238
85.5 0.264167 0
88.5 0.264167 0
1.5 0.275833 0.560895
4.5 0.275833 0.287374
7.5 0.275833 0.164112
10.5 0.275833 0.0984979
13.5 0.275833 0.0576982
16.5 0.275833 0.0402416
19.5 0.275833 0.0284177
22.5 0.275833 0.0207044
25.5 0.275833 0.0173044
28.5 0.275833 0.0132447
31.5 0.275833 0.0124328
34.5 0.275833 0.00888054
37.5 0.275833 0.00700294
40.5 0.275833 0.00603877
43.5 0.275833 0.00537907
46.5 0.275833 0.00456714
49.5 0.275833 0.003197
52.5 0.275833 0.00299401
55.5 0.275833 0.00284177
58.5 0.275833 0.00202984
61.5 0.275833 0.0013194
64.5 0.275833 0.0012179
67.5 0.275833 0.000710444
70.5 0.275833 0.000304476
73.5 0.275833 0.000202984
76.5 0.275833 0.000101492
79.5 0.275833 0.000101492
82.5 0.275833 5.0746e-05
85.5 0.275833 0
88.5 0.275833 0.000101492
1.5 0.2875 0.58368
4.5 0.2875 0.293109
7.5 0.2875 0.167462
10.5 0.2875 0.101187
13.5 0.2875 0.0620623
16.5 0.2875 0.0417639
19.5 0.2875 0.0305491
22.5 0.2875 0.0224805
25.5 0.2875 0.0169492
28.5 0.2875 0.0138536
31.5 0.2875 0.0114686
34.5 0.2875 0.0107074
37.5 0.2875 0.00786562
40.5 0.2875 0.00720593
43.5 0.2875 0.00578504
46.5 0.2875 0.00487161
49.5 0.2875 0.00370446
52.5 0.2875 0.00274028
55.5 0.2875 0.00218208
58.5 0.2875 0.00192835
61.5 0.2875 0.00126865
64.5 0.2875 0.000913427
67.5 0.2875 0.000761189
70.5 0.2875 0.000710444
73.5 0.2875 0.000304476
76.5 0.2875 0.00025373
79.5 0.2875 0.000152238
82.5 0.2875 5.0746e-05
85.5 0.2875 5.0746e-05
88.5 0.2875 0
1.5 0.299167 0.60474
4.5 0.299167 0.309753
7.5 0.299167 0.176139
10.5 0.299167 0.0993606
13.5 0.299167 0.0619101
16.5 0.299167 0.041358
19.5 0.299167 0.0306506
22.5 0.299167 0.0231909
25.5 0.299167 0.0191312
28.5 0.299167 0.0153253
31.5 0.299167 0.0138029
34.5 0.299167 0.0109611
37.5 0.299167 0.00867756
40.5 0.299167 0.00690145
43.5 0.299167 0.00568355
46.5 0.299167 0.00603877
49.5 0.299167 0.00334923
52.5 0.299167 0.0037552
55.5 0.299167 0.00268954
58.5 0.299167 0.00213133
61.5 0.299167 0.00152238
64.5 0.299167 0.00106567
67.5 0.299167 0.000659698
70.5 0.299167 0.00050746
73.5 0.299167 0.000456714
76.5 0.299167 0.000152238
79.5 0.299167 0.000152238
82.5 0.299167 5.0746e-05
85.5 0.299167 0
88.5 0.299167 0
1.5 0.310833 0.626256
4.5 0.310833 0.329494
7.5 0.310833 0.183396
10.5 0.310833 0.102761
13.5 0.310833 0.0673906
16.5 0.310833 0.0466355
19.5 0.310833 0.0305998
22.5 0.310833 0.0238506
25.5 0.310833 0.0182178
28.5 0.310833 0.015579
31.5 0.310833 0.0135492
34.5 0.310833 0.0108089
37.5 0.310833 0.00999696
40.5 0.310833 0.00761189
43.5 0.310833 0.00548056
46.5 0.310833 0.00477012
49.5 0.310833 0.00400893
52.5 0.310833 0.0030955
55.5 0.310833 0.00233431
58.5 0.310833 0.00162387
61.5 0.310833 0.0013194
64.5 0.310833 0.000862681
67.5 0.310833 0.000659698
70.5 0.310833 0.000659698
73.5 0.310833 0.000304476
76.5 0.310833 0.000202984
79.5 0.310833 5.0746e-05
82.5 0.310833 0.000202984
85.5 0.310833 5.0746e-05
88.5 0.310833 0
1.5 0.3225 0.650259
4.5 0.3225 0.337156
7.5 0.3225 0.19045
10.5 0.3225 0.109155
13.5 0.3225 0.0644981
16.5 0.3225 0.0470415
19.5 0.3225 0.0358267
22.5 0.3225 0.0252207
25.5 0.3225 0.0194357
28.5 0.3225 0.0158327
31.5 0.3225 0.0130925
34.5 0.3225 0.0112656
37.5 0.3225 0.00888054
40.5 0.3225 0.00852532
43.5 0.3225 0.00558206
46.5 0.3225 0.00542982
49.5 0.3225 0.00416117
52.5 0.3225 0.00350147
55.5 0.3225 0.00279103
58.5 0.3225 0.00137014
61.5 0.3225 0.0013194
64.5 0.3225 0.000811935
67.5 0.3225 0.0013194
70.5 0.3225 0.000202984
73.5 0.3225 0.00025373
76.5 0.3225 0.00025373
79.5 0.3225 0.000304476
82.5 0.3225 0
85.5 0.3225 0
88.5 0.3225 0
1.5 0.334167 0.678981
4.5 0.334167 0.344717
7.5 0.334167 0.196793
10.5 0.334167 0.111996
13.5 0.334167 0.0665787
16.5 0.334167 0.0470415
19.5 0.334167 0.0363849
22.5 0.334167 0.0276566
25.5 0.334167 0.0198417
28.5 0.334167 0.0165939
31.5 0.334167 0.0140566
34.5 0.334167 0.0120268
37.5 0.334167 0.0104537
40.5 0.334167 0.00857607
43.5 0.334167 0.00730742
46.5 0.334167 0.00522683
49.5 0.334167 0.00431341
52.5 0.334167 0.00400893
55.5 0.334167 0.003197
58.5 0.334167 0.00218208
61.5 0.334167 0.00177611
64.5 0.334167 0.00137014
67.5 0.334167 0.00050746
70.5 0.334167 0.000558206
73.5 0.334167 0.00025373
76.5 0.334167 0.000101492
79.5 0.334167 0
82.5 0.334167 0.000101492
85.5 0.334167 5.0746e-05
88.5 0.334167 0
1.5 0.345833 0.684665
4.5 0.345833 0.354207
7.5 0.345833 0.201157
10.5 0.345833 0.115802
13.5 0.345833 0.0721608
16.5 0.345833 0.0486654
19.5 0.345833 0.0383132
22.5 0.345833 0.0274028
25.5 0.345833 0.0200954
28.5 0.345833 0.0178118
31.5 0.345833 0.012991
34.5 0.345833 0.0128895
37.5 0.345833 0.0104029
40.5 0.345833 0.00735817
43.5 0.345833 0.00659698
46.5 0.345833 0.00527758
49.5 0.345833 0.00461788
52.5 0.345833 0.00339998
55.5 0.345833 0.00238506
58.5 0.345833 0.00233431
61.5 0.345833 0.0013194
64.5 0.345833 0.00147163
67.5 0.345833 0.000913427
70.5 0.345833 0.00025373
73.5 0.345833 0.000304476
76.5 0.345833 0.000152238
79.5 0.345833 0.000202984
82.5 0.345833 5.0746e-05
85.5 0.345833 5.0746e-05
88.5 0.345833 5.0746e-05
1.5 0.3575 0.727799
4.5 0.3575 0.368822
7.5 0.3575 0.204709
10.5 0.3575 0.122399
13.5 0.3575 0.0743428
16.5 0.3575 0.0505937
19.5 0.3575 0.0353699
22.5 0.3575 0.027961
25.5 0.3575 0.0239013
28.5 0.3575 0.0175581
31.5 0.3575 0.0132954
34.5 0.3575 0.0134984
37.5 0.3575 0.0106567
40.5 0.3575 0.00791637
43.5 0.3575 0.00674921
46.5 0.3575 0.00487161
49.5 0.3575 0.00421192
52.5 0.3575 0.00329849
55.5 0.3575 0.00279103
58.5 0.3575 0.00172536
61.5 0.3575 0.0018776
64.5 0.3575 0.00111641
67.5 0.3575 0.0012179
70.5 0.3575 0.000558206
73.5 0.3575 0.000304476
76.5 0.3575 0.00025373
79.5 0.3575 0.000101492
82.5 0.3575 0
85.5 0.3575 0
88.5 0.3575 0
1.5 0.369167 0.737491
4.5 0.369167 0.365269
7.5 0.369167 0.213945
10.5 0.369167 0.124784
13.5 0.369167 0.0750025
16.5 0.369167 0.0506952
19.5 0.369167 0.0369431
22.5 0.369167 0.0274028
25.5 0.369167 0.0230387
28.5 0.369167 0.0180656
31.5 0.369167 0.0161372
34.5 0.369167 0.0124835
37.5 0.369167 0.00954024
40.5 0.369167 0.00837308
43.5 0.369167 0.0062925
46.5 0.369167 0.00548056
49.5 0.369167 0.00426266
52.5 0.369167 0.00416117
55.5 0.369167 0.00304476
58.5 0.369167 0.00202984
61.5 0.369167 0.00177611
64.5 0.369167 0.00147163
67.5 0.369167 0.000862681
70.5 0.369167 0.00050746
73.5 0.369167 0.000202984
76.5 0.369167 0.000304476
79.5 0.369167 0.000202984
82.5 0.369167 0.000101492
85.5 0.369167 0
88.5 0.369167 0
1.5 0.380833 0.759566
4.5 0.380833 0.389628
7.5 0.380833 0.217903
10.5 0.380833 0.130113
13.5 0.380833 0.0765249
16.5 0.380833 0.056937
19.5 0.380833 0.0368923
22.5 0.380833 0.027758
25.5 0.380833 0.0239013
28.5 0.380833 0.0186745
31.5 0.380833 0.0148686
34.5 0.380833 0.0124835
37.5 0.380833 0.0108596
40.5 0.380833 0.00903278
43.5 0.380833 0.00705369
46.5 0.380833 0.00558206
49.5 0.380833 0.00466863
52.5 0.380833 0.00400893
55.5 0.380833 0.00294327
58.5 0.380833 0.00223282
61.5 0.380833 0.0012179
64.5 0.380833 0.0013194
67.5 0.380833 0.000913427
70.5 0.380833 0.000405968
73.5 0.380833 0.000608952
76.5 0.380833 0.000355222
79.5 0.380833 0.000202984
82.5 0.380833 0.000152238
85.5 0.380833 0
88.5 0.380833 0
1.5 0.3925 0.78098
4.5 0.3925 0.392622
7.5 0.3925 0.21836
10.5 0.3925 0.128235
13.5 0.3925 0.0817518
16.5 0.3925 0.0560743
19.5 0.3925 0.0400893
22.5 0.3925 0.0300924
25.5 0.3925 0.0232924
28.5 0.3925 0.0180656
31.5 0.3925 0.0178626
34.5 0.3925 0.0146148
37.5 0.3925 0.0110626
40.5 0.3925 0.00984472
43.5 0.3925 0.00791637
46.5 0.3925 0.00553131
49.5 0.3925 0.00593728
52.5 0.3925 0.0037552
55.5 0.3925 0.00299401
58.5 0.3925 0.00182685
61.5 0.3925 0.00172536
64.5 0.3925 0.00142089
67.5 0.3925 0.000913427
70.5 0.3925 0.000558206
73.5 0.3925 0.00050746
76.5 0.3925 0.000456714
79.5 0.3925 0.00025373
82.5 0.3925 0
85.5 0.3925 0
88.5 0.3925 0
1.5 0.404167 0.798183
4.5 0.404167 0.404801
7.5 0.404167 0.231351
10.5 0.404167 0.128387
13.5 0.404167 0.0805338
16.5 0.404167 0.0546534
19.5 0.404167 0.0401908
22.5 0.404167 0.03197
25.5 0.404167 0.0234446
28.5 0.404167 0.021567
31.5 0.404167 0.0177103
34.5 0.404167 0.0137014
37.5 0.404167 0.0122298
40.5 0.404167 0.00984472
43.5 0.404167 0.00735817
46.5 0.404167 0.00619101
49.5 0.404167 0.00446564
52.5 0.404167 0.00466863
55.5 0.404167 0.00263879
58.5 0.404167 0.00218208
61.5 0.404167 0.00177611
64.5 0.404167 0.00142089
67.5 0.404167 0.00101492
70.5 0.404167 0.000558206
73.5 0.404167 0.00050746
76.5 0.404167 0.00025373
79.5 0.404167 0.000152238
82.5 0.404167 0.000152238
85.5 0.404167 0
88.5 0.404167 0
1.5 0.415833 0.823455
4.5 0.415833 0.423475
7.5 0.415833 0.238506
10.5 0.415833 0.135542
13.5 0.415833 0.08231
16.5 0.415833 0.056328
19.5 0.415833 0.040749
22.5 0.415833 0.0322744
25.5 0.415833 0.0254745
28.5 0.415833 0.0194357
31.5 0.415833 0.0160865
34.5 0.415833 0.0135999
37.5 0.415833 0.0108089
40.5 0.415833 0.00771339
43.5 0.415833 0.00791637
46.5 0.415833 0.00603877
49.5 0.415833 0.00537907
52.5 0.415833 0.00446564
55.5 0.415833 0.00299401
58.5 0.415833 0.00263879
61.5 0.415833 0.00192835
64.5 0.415833 0.00137014
67.5 0.415833 0.00106567
70.5 0.415833 0.000659698
73.5 0.415833 0.000456714
76.5 0.415833 0.000456714
79.5 0.415833 0.000152238
82.5 0.415833 5.0746e-05
85.5 0.415833 0
88.5 0.415833 0
1.5 0.4275 0.850908
4.5 0.4275 0.417487
7.5 0.4275 0.242058
10.5 0.4275 0.138942
13.5 0.4275 0.084492
16.5 0.4275 0.0564803
19.5 0.4275 0.0408505
22.5 0.4275 0.0344058
25.5 0.4275 0.025576
28.5 0.4275 0.0206536
31.5 0.4275 0.0163402
34.5 0.4275 0.015376
37.5 0.4275 0.00969248
40.5 0.4275 0.0105044
43.5 0.4275 0.00791637
46.5 0.4275 0.00532833
49.5 0.4275 0.00553131
52.5 0.4275 0.00421192
55.5 0.4275 0.00263879
58.5 0.4275 0.00223282
61.5 0.4275 0.0018776
64.5 0.4275 0.00111641
67.5 0.4275 0.000761189
70.5 0.4275 0.00025373
73.5 0.4275 0.000608952
76.5 0.4275 0.000355222
79.5 0.4275 0.000101492
82.5 0.4275 5.0746e-05
85.5 0.4275 5.0746e-05
88.5 0.4275 5.0746e-05
1.5 0.439167 0.86324
4.5 0.439167 0.434335
7.5 0.439167 0.246676
10.5 0.439167 0.142139
13.5 0.439167 0.0883995
16.5 0.439167 0.0579519
19.5 0.439167 0.0415609
22.5 0.439167 0.0344058
25.5 0.439167 0.0231909
28.5 0.439167 0.0209581
31.5 0.439167 0.0178118
34.5 0.439167 0.0143104
37.5 0.439167 0.0105044
40.5 0.439167 0.0113164
43.5 0.439167 0.00776413
46.5 0.439167 0.00771339
49.5 0.439167 0.00471937
52.5 0.439167 0.00345073
55.5 0.439167 0.00350147
58.5 0.439167 0.00197909
61.5 0.439167 0.00177611
64.5 0.439167 0.00111641
67.5 0.439167 0.000811935
70.5 0.439167 0.000608952
73.5 0.439167 0.000405968
76.5 0.439167 0.000202984
79.5 0.439167 0.000202984
82.5 0.439167 0.000152238
85.5 0.439167 0
88.5 0.439167 0
1.5 0.450833 0.884959
4.5 0.450833 0.449457
7.5 0.450833 0.256978
10.5 0.450833 0.145032
13.5 0.450833 0.0909875
16.5 0.450833 0.0614026
19.5 0.450833 0.0418147
22.5 0.450833 0.0348625
25.5 0.450833 0.0236476
28.5 0.450833 0.0213133
31.5 0.450833 0.0186745
34.5 0.450833 0.0139551
37.5 0.450833 0.011976
40.5 0.450833 0.0108596
43.5 0.450833 0.00867756
46.5 0.450833 0.00639399
49.5 0.450833 0.00512534
52.5 0.450833 0.00451639
55.5 0.450833 0.00324774
58.5 0.450833 0.00248655
61.5 0.450833 0.00152238
64.5 0.450833 0.0012179
67.5 0.450833 0.00106567
70.5 0.450833 0.000710444
73.5 0.450833 0.000608952
76.5 0.450833 0.000304476
79.5 0.450833 0.000152238
82.5 0.450833 5.0746e-05
85.5 0.450833 5.0746e-05
88.5 0.450833 5.0746e-05
1.5 0.4625 0.923577
4.5 0.4625 0.459708
7.5 0.4625 0.260378
10.5 0.4625 0.147519
13.5 0.4625 0.0890592
16.5 0.4625 0.0607937
19.5 0.4625 0.0446057
22.5 0.4625 0.0325789
25.5 0.4625 0.0265401
28.5 0.4625 0.0212118
31.5 0.4625 0.0174566
34.5 0.4625 0.0156805
37.5 0.4625 0.0116208
40.5 0.4625 0.0106059
43.5 0.4625 0.00715518
46.5 0.4625 0.00761189
49.5 0.4625 0.00517609
52.5 0.4625 0.0044149
55.5 0.4625 0.00304476
58.5 0.4625 0.00233431
61.5 0.4625 0.00167462
64.5 0.4625 0.000964173
67.5 0.4625 0.00111641
70.5 0.4625 0.000659698
73.5 0.4625 0.000761189
76.5 0.4625 0.000304476
79.5 0.4625 0.000101492
82.5 0.4625 0.000101492
85.5 0.4625 0
88.5 0.4625 0
1.5 0.474167 0.934588
4.5 0.474167 0.458033
7.5 0.474167 0.26124
10.5 0.474167 0.147265
13.5 0.474167 0.0922054
16.5 0.474167 0.0607937
19.5 0.474167 0.0452147
22.5 0.474167 0.0352684
25.5 0.474167 0.0270476
28.5 0.474167 0.0219223
31.5 0.474167 0.0181163
34.5 0.474167 0.0135492
37.5 0.474167 0.0142596
40.5 0.474167 0.0115701
43.5 0.474167 0.0111134
46.5 0.474167 0.00685071
49.5 0.474167 0.00542982
52.5 0.474167 0.00411042
55.5 0.474167 0.00299401
58.5 0.474167 0.0018776
61.5 0.474167 0.00172536
64.5 0.474167 0.00116716
67.5 0.474167 0.00101492
70.5 0.474167 0.000608952
73.5 0.474167 0.000558206
76.5 0.474167 0.000152238
79.5 0.474167 0.000101492
82.5 0.474167 5.0746e-05
85.5 0.474167 5.0746e-05
88.5 0.474167 0
1.5 0.485833 0.941845
4.5 0.485833 0.482696
7.5 0.485833 0.268801
10.5 0.485833 0.151477
13.5 0.485833 0.0930174
16.5 0.485833 0.0635339
19.5 0.485833 0.047549
22.5 0.485833 0.0364863
25.5 0.485833 0.0264386
28.5 0.485833 0.0226834
31.5 0.485833 0.0193342
34.5 0.485833 0.0165939
37.5 0.485833 0.012788
40.5 0.485833 0.00943875
43.5 0.485833 0.00888054
46.5 0.485833 0.00735817
49.5 0.485833 0.00548056
52.5 0.485833 0.0037552
55.5 0.485833 0.00324774
58.5 0.485833 0.00289252
61.5 0.485833 0.00197909
64.5 0.485833 0.00126865
67.5 0.485833 0.000913427
70.5 0.485833 0.000811935
73.5 0.485833 0.000355222
76.5 0.485833 0.00025373
79.5 0.485833 0
82.5 0.485833 0
85.5 0.485833 5.0746e-05
88.5 0.485833 0
1.5 0.4975 0.966102
4.5 0.4975 0.476809
7.5 0.4975 0.274282
10.5 0.4975 0.157312
13.5 0.4975 0.0950979
16.5 0.4975 0.063331
19.5 0.4975 0.0495788
22.5 0.4975 0.0346595
25.5 0.4975 0.0290267
28.5 0.4975 0.0245103
31.5 0.4975 0.0188268
34.5 0.4975 0.0160357
37.5 0.4975 0.0126357
40.5 0.4975 0.0108089
43.5 0.4975 0.00837308
46.5 0.4975 0.0069522
49.5 0.4975 0.00548056
52.5 0.4975 0.00548056
55.5 0.4975 0.00400893
58.5 0.4975 0.00248655
61.5 0.4975 0.00213133
64.5 0.4975 0.00162387
67.5 0.4975 0.000913427
70.5 0.4975 0.00050746
73.5 0.4975 0.00025373
76.5 0.4975 0.000152238
79.5 0.4975 0.000101492
82.5 0.4975 5.0746e-05
85.5 0.4975 5.0746e-05
88.5 0.4975 0
1.5 0.509167 1
4.5 0.509167 0.486248
7.5 0.509167 0.27347
10.5 0.509167 0.158987
13.5 0.509167 0.096874
16.5 0.509167 0.0663757
19.5 0.509167 0.0470415
22.5 0.509167 0.0337461
25.5 0.509167 0.0292804
28.5 0.509167 0.021567
31.5 0.509167 0.0196387
34.5 0.509167 0.0154775
37.5 0.509167 0.0130417
40.5 0.509167 0.0113671
43.5 0.509167 0.00893129
46.5 0.509167 0.00791637
49.5 0.509167 0.00527758
52.5 0.509167 0.00405968
55.5 0.509167 0.00299401
58.5 0.509167 0.0025373
61.5 0.509167 0.00197909
64.5 0.509167 0.00192835
67.5 0.509167 0.00137014
70.5 0.509167 0.000710444
73.5 0.509167 0.000558206
76.5 0.509167 0.000202984
79.5 0.509167 0.00025373
82.5 0.509167 0.000152238
85.5 0.509167 5.0746e-05
88.5 0.509167 0
