30 30 3.66667 0.0116667
1.83333 0.170833 0
5.5 0.170833 0
9.16667 0.170833 0
12.8333 0.170833 1
16.5 0.170833 0.687292
20.1667 0.170833 0.499583
23.8333 0.170833 0.364167
27.5 0.170833 0.254375
31.1667 0.170833 0.212292
34.8333 0.170833 0.180208
38.5 0.170833 0.148125
42.1667 0.170833 0.131667
45.8333 0.170833 0.109792
49.5 0.170833 0.0947917
53.1667 0.170833 0.0864583
56.8333 0.170833 0.0827083
60.5 0.170833 0.068125
64.1667 0.170833 0.0647917
67.8333 0.170833 0.065
71.5 0.170833 0.0525
75.1667 0.170833 0.0464583
78.8333 0.170833 0.0445833
82.5 0.170833 0.039375
86.1667 0.170833 0.0322917
89.8333 0.170833 0.038125
93.5 0.170833 0.0275
97.1667 0.170833 0.024375
100.833 0.170833 0.02375
104.5 0.170833 0.0166667
108.167 0.170833 0.0034626
1.83333 0.1825 0
5.5 0.1825 0
9.16667 0.1825 0
12.8333 0.1825 0.887083
16.5 0.1825 0.618958
20.1667 0.1825 0.404375
23.8333 0.1825 0.3025
27.5 0.1825 0.20625
31.1667 0.1825 0.168125
34.8333 0.1825 0.136458
38.5 0.1825 0.11875
42.1667 0.1825 0.0991667
45.8333 0.1825 0.091875
49.5 0.1825 0.0808333
53.1667 0.1825 0.0675
56.8333 0.1825 0.061875
60.5 0.1825 0.0583333
64.1667 0.1825 0.049375
67.8333 0.1825 0.0497917
71.5 0.1825 0.0464583
75.1667 0.1825 0.0435417
78.8333 0.1825 0.0385417
82.5 0.1825 0.0333333
86.1667 0.1825 0.0333333
89.8333 0.1825 0.0302083
93.5 0.1825 0.0277083
97.1667 0.1825 0.0208333
100.833 0.1825 0.018125
104.5 0.1825 0.0127083
108.167 0.1825 0.00291159
1.83333 0.194167 0
5.5 0.194167 0
9.16667 0.194167 0
12.8333 0.194167 0.753125
16.5 0.194167 0.510208
20.1667 0.194167 0.3375
23.8333 0.194167 0.213125
27.5 0.194167 0.170417
31.1667 0.194167 0.140208
34.8333 0.194167 0.111875
38.5 0.194167 0.099375
42.1667 0.194167 0.0879167
45.8333 0.194167 0.0772917
49.5 0.194167 0.06875
53.1667 0.194167 0.0654167
56.8333 0.194167 0.0525
60.5 0.194167 0.038125
64.1667 0.194167 0.0416667
67.8333 0.194167 0.0460417
71.5 0.194167 0.0347917
75.1667 0.194167 0.0352083
78.8333 0.194167 0.0289583
82.5 0.194167 0.0260417
86.1667 0.194167 0.0235417
89.8333 0.194167 0.028125
93.5 0.194167 0.02
97.1667 0.194167 0.0175
100.833 0.194167 0.0108333
104.5 0.194167 0.009375
108.167 0.194167 0.00247471
1.83333 0.205833 0
5.5 0.205833 0
9.16667 0.205833 0
12.8333 0.205833 0.678125
16.5 0.205833 0.451875
20.1667 0.205833 0.2475
23.8333 0.205833 0.173125
27.5 0.205833 0.142083
31.1667 0.205833 0.119167
34.8333 0.205833 0.101667
38.5 0.205833 0.0839583
42.1667 0.205833 0.08
45.8333 0.205833 0.05875
49.5 0.205833 0.0604167
53.1667 0.205833 0.0522917
56.8333 0.205833 0.0495833
60.5 0.205833 0.04375
64.1667 0.205833 0.0420833
67.8333 0.205833 0.0358333
71.5 0.205833 0.0322917
75.1667 0.205833 0.0295833
78.8333 0.205833 0.0254167
82.5 0.205833 0.025625
86.1667 0.205833 0.0191667
89.8333 0.205833 0.02
93.5 0.205833 0.0166667
97.1667 0.205833 0.0145833
100.833 0.205833 0.0120833
104.5 0.205833 0.01
108.167 0.205833 0.00212346
1.83333 0.2175 0
5.5 0.2175 0
9.16667 0.2175 0
12.8333 0.2175 0.62375
16.5 0.2175 0.3575
20.1667 0.2175 0.2
23.8333 0.2175 0.137292
27.5 0.2175 0.127083
31.1667 0.2175 0.0925
34.8333 0.2175 0.0845833
38.5 0.2175 0.068125
42.1667 0.2175 0.05625
45.8333 0.2175 0.056875
49.5 0.2175 0.04375
53.1667 0.2175 0.0439583
56.8333 0.2175 0.0358333
60.5 0.2175 0.0360417
64.1667 0.2175 0.0325
67.8333 0.2175 0.0308333
71.5 0.2175 0.0283333
75.1667 0.2175 0.025
78.8333 0.2175 0.019375
82.5 0.2175 0.0197917
86.1667 0.2175 0.0170833
89.8333 0.2175 0.015625
93.5 0.2175 0.0139583
97.1667 0.2175 0.013125
100.833 0.2175 0.01
104.5 0.2175 0.01
108.167 0.2175 0.00183749
1.83333 0.229167 0
5.5 0.229167 0
9.16667 0.229167 0
12.8333 0.229167 0.544375
16.5 0.229167 0.285625
20.1667 0.229167 0.174583
23.8333 0.229167 0.123542
27.5 0.229167 0.10125
31.1667 0.229167 0.083125
34.8333 0.229167 0.0716667
38.5 0.229167 0.05875
42.1667 0.229167 0.0547917
45.8333 0.229167 0.05
49.5 0.229167 0.0429167
53.1667 0.229167 0.039375
56.8333 0.229167 0.031875
60.5 0.229167 0.031875
64.1667 0.229167 0.0252083
67.8333 0.229167 0.0254167
71.5 0.229167 0.021875
75.1667 0.229167 0.0222917
78.8333 0.229167 0.0179167
82.5 0.229167 0.016875
86.1667 0.229167 0.0191667
89.8333 0.229167 0.0166667
93.5 0.229167 0.0158333
97.1667 0.229167 0.013125
100.833 0.229167 0.0104167
104.5 0.229167 0.00541667
108.167 0.229167 0.0016021
1.83333 0.240833 0
5.5 0.240833 0
9.16667 0.240833 0
12.8333 0.240833 0.465833
16.5 0.240833 0.206458
20.1667 0.240833 0.134583
23.8333 0.240833 0.11125
27.5 0.240833 0.08375
31.1667 0.240833 0.0758333
34.8333 0.240833 0.0589583
38.5 0.240833 0.0497917
42.1667 0.240833 0.0458333
45.8333 0.240833 0.0470833
49.5 0.240833 0.0314583
53.1667 0.240833 0.03625
56.8333 0.240833 0.0295833
60.5 0.240833 0.0264583
64.1667 0.240833 0.02375
67.8333 0.240833 0.0222917
71.5 0.240833 0.018125
75.1667 0.240833 0.0164583
78.8333 0.240833 0.016875
82.5 0.240833 0.0158333
86.1667 0.240833 0.01625
89.8333 0.240833 0.0110417
93.5 0.240833 0.01375
97.1667 0.240833 0.01
100.833 0.240833 0.01
104.5 0.240833 0.00520833
108.167 0.240833 0.00140643
1.83333 0.2525 0
5.5 0.2525 0
9.16667 0.2525 0
12.8333 0.2525 0.381042
16.5 0.2525 0.177708
20.1667 0.2525 0.120417
23.8333 0.2525 0.0975
27.5 0.2525 0.075625
31.1667 0.2525 0.0602083
34.8333 0.2525 0.04875
38.5 0.2525 0.0527083
42.1667 0.2525 0.0389583
45.8333 0.2525 0.0372917
49.5 0.2525 0.0325
53.1667 0.2525 0.0316667
56.8333 0.2525 0.02375
60.5 0.2525 0.02
64.1667 0.2525 0.021875
67.8333 0.2525 0.0239583
71.5 0.2525 0.018125
75.1667 0.2525 0.0166667
78.8333 0.2525 0.0145833
82.5 0.2525 0.0102083
86.1667 0.2525 0.0139583
89.8333 0.2525 0.01125
93.5 0.2525 0.0120833
97.1667 0.2525 0.00833333
100.833 0.2525 0.00770833
104.5 0.2525 0.00395833
108.167 0.2525 0.00124227
1.83333 0.264167 0
5.5 0.264167 0
9.16667 0.264167 0
12.8333 0.264167 0.320833
16.5 0.264167 0.141875
20.1667 0.264167 0.109375
23.8333 0.264167 0.0827083
27.5 0.264167 0.0695833
31.1667 0.264167 0.056875
34.8333 0.264167 0.0477083
38.5 0.264167 0.0385417
42.1667 0.264167 0.03625
45.8333 0.264167 0.0333333
49.5 0.264167 0.0279167
53.1667 0.264167 0.0229167
56.8333 0.264167 0.023125
60.5 0.264167 0.0222917
64.1667 0.264167 0.0214583
67.8333 0.264167 0.0152083
71.5 0.264167 0.0164583
75.1667 0.264167 0.0175
78.8333 0.264167 0.00916667
82.5 0.264167 0.0122917
86.1667 0.264167 0.0114583
89.8333 0.264167 0.00895833
93.5 0.264167 0.00854167
97.1667 0.264167 0.00958333
100.833 0.264167 0.00729167
104.5 0.264167 0.00333333
108.167 0.264167 0.00110344
1.83333 0.275833 0
5.5 0.275833 0
9.16667 0.275833 0
12.8333 0.275833 0.233333
16.5 0.275833 0.123542
20.1667 0.275833 0.0791667
23.8333 0.275833 0.0697917
27.5 0.275833 0.056875
31.1667 0.275833 0.0485417
34.8333 0.275833 0.044375
38.5 0.275833 0.039375
42.1667 0.275833 0.029375
45.8333 0.275833 0.0291667
49.5 0.275833 0.0264583
53.1667 0.275833 0.0247917
56.8333 0.275833 0.02
60.5 0.275833 0.018125
64.1667 0.275833 0.015
67.8333 0.275833 0.0158333
71.5 0.275833 0.0125
75.1667 0.275833 0.0129167
78.8333 0.275833 0.0108333
82.5 0.275833 0.01
86.1667 0.275833 0.00916667
89.8333 0.275833 0.008125
93.5 0.275833 0.008125
97.1667 0.275833 0.00520833
100.833 0.275833 0.00541667
104.5 0.275833 0.00395833
108.167 0.275833 0.00098517
1.83333 0.2875 0
5.5 0.2875 0
9.16667 0.2875 0
12.8333 0.2875 0.172917
16.5 0.2875 0.110833
20.1667 0.2875 0.085625
23.8333 0.2875 0.0652083
27.5 0.2875 0.0516667
31.1667 0.2875 0.0464583
34.8333 0.2875 0.038125
38.5 0.2875 0.03
42.1667 0.2875 0.0302083
45.8333 0.2875 0.0252083
49.5 0.2875 0.024375
53.1667 0.2875 0.020625
56.8333 0.2875 0.015625
60.5 0.2875 0.015625
64.1667 0.2875 0.014375
67.8333 0.2875 0.0139583
71.5 0.2875 0.01375
75.1667 0.2875 0.01
78.8333 0.2875 0.0104167
82.5 0.2875 0.006875
86.1667 0.2875 0.00770833
89.8333 0.2875 0.009375
93.5 0.2875 0.00458333
97.1667 0.2875 0.005625
100.833 0.2875 0.00291667
104.5 0.2875 0.00354167
108.167 0.2875 0.000883709
1.83333 0.299167 0
5.5 0.299167 0
9.16667 0.299167 0
12.8333 0.299167 0.147917
16.5 0.299167 0.0916667
20.1667 0.299167 0.0710417
23.8333 0.299167 0.0629167
27.5 0.299167 0.0483333
31.1667 0.299167 0.0366667
34.8333 0.299167 0.031875
38.5 0.299167 0.0285417
42.1667 0.299167 0.0270833
45.8333 0.299167 0.0222917
49.5 0.299167 0.0195833
53.1667 0.299167 0.018125
56.8333 0.299167 0.016875
60.5 0.299167 0.0177083
64.1667 0.299167 0.0116667
67.8333 0.299167 0.009375
71.5 0.299167 0.0120833
75.1667 0.299167 0.00875
78.8333 0.299167 0.00916667
82.5 0.299167 0.00729167
86.1667 0.299167 0.00833333
89.8333 0.299167 0.00479167
93.5 0.299167 0.005625
97.1667 0.299167 0.00604167
100.833 0.299167 0.00375
104.5 0.299167 0.00479167
108.167 0.299167 0.000796133
1.83333 0.310833 0
5.5 0.310833 0
9.16667 0.310833 0
12.8333 0.310833 0.122292
16.5 0.310833 0.0854167
20.1667 0.310833 0.0635417
23.8333 0.310833 0.0483333
27.5 0.310833 0.039375
31.1667 0.310833 0.0391667
34.8333 0.310833 0.0260417
38.5 0.310833 0.0291667
42.1667 0.310833 0.024375
45.8333 0.310833 0.020625
49.5 0.310833 0.0195833
53.1667 0.310833 0.0154167
56.8333 0.310833 0.0147917
60.5 0.310833 0.01125
64.1667 0.310833 0.0116667
67.8333 0.310833 0.00854167
71.5 0.310833 0.0122917
75.1667 0.310833 0.009375
78.8333 0.310833 0.00708333
82.5 0.310833 0.006875
86.1667 0.310833 0.00604167
89.8333 0.310833 0.00520833
93.5 0.310833 0.005
97.1667 0.310833 0.00458333
100.833 0.310833 0.003125
104.5 0.310833 0.00416667
108.167 0.310833 0.000720111
1.83333 0.3225 0
5.5 0.3225 0
9.16667 0.3225 0
12.8333 0.3225 0.1175
16.5 0.3225 0.0727083
20.1667 0.3225 0.0572917
23.8333 0.3225 0.0470833
27.5 0.3225 0.041875
31.1667 0.3225 0.0277083
34.8333 0.3225 0.0254167
38.5 0.3225 0.0225
42.1667 0.3225 0.0202083
45.8333 0.3225 0.0177083
49.5 0.3225 0.016875
53.1667 0.3225 0.015625
56.8333 0.3225 0.0108333
60.5 0.3225 0.0125
64.1667 0.3225 0.0104167
67.8333 0.3225 0.009375
71.5 0.3225 0.00833333
75.1667 0.3225 0.009375
78.8333 0.3225 0.00645833
82.5 0.3225 0.00645833
86.1667 0.3225 0.005625
89.8333 0.3225 0.00395833
93.5 0.3225 0.00395833
97.1667 0.3225 0.00333333
100.833 0.3225 0.00375
104.5 0.3225 0.00291667
108.167 0.3225 0.000653757
1.83333 0.334167 0
5.5 0.334167 0
9.16667 0.334167 0
12.8333 0.334167 0.094375
16.5 0.334167 0.0647917
20.1667 0.334167 0.0479167
23.8333 0.334167 0.0397917
27.5 0.334167 0.0358333
31.1667 0.334167 0.025625
34.8333 0.334167 0.0241667
38.5 0.334167 0.0227083
42.1667 0.334167 0.0239583
45.8333 0.334167 0.0183333
49.5 0.334167 0.013125
53.1667 0.334167 0.0133333
56.8333 0.334167 0.0139583
60.5 0.334167 0.00875
64.1667 0.334167 0.00979167
67.8333 0.334167 0.00958333
71.5 0.334167 0.0075
75.1667 0.334167 0.00833333
78.8333 0.334167 0.00625
82.5 0.334167 0.005
86.1667 0.334167 0.00625
89.8333 0.334167 0.00479167
93.5 0.334167 0.003125
97.1667 0.334167 0.00583333
100.833 0.334167 0.001875
104.5 0.334167 0.00270833
108.167 0.334167 0.000595559
1.83333 0.345833 0
5.5 0.345833 0
9.16667 0.345833 0
12.8333 0.345833 0.0933333
16.5 0.345833 0.0566667
20.1667 0.345833 0.0441667
23.8333 0.345833 0.03625
27.5 0.345833 0.0339583
31.1667 0.345833 0.0229167
34.8333 0.345833 0.0252083
38.5 0.345833 0.0185417
42.1667 0.345833 0.0195833
45.8333 0.345833 0.0147917
49.5 0.345833 0.0110417
53.1667 0.345833 0.0108333
56.8333 0.345833 0.0120833
60.5 0.345833 0.00916667
64.1667 0.345833 0.0075
67.8333 0.345833 0.008125
71.5 0.345833 0.00541667
75.1667 0.345833 0.008125
78.8333 0.345833 0.005
82.5 0.345833 0.004375
86.1667 0.345833 0.004375
89.8333 0.345833 0.00479167
93.5 0.345833 0.004375
97.1667 0.345833 0.004375
100.833 0.345833 0.00208333
104.5 0.345833 0.00145833
108.167 0.345833 0.000544285
1.83333 0.3575 0
5.5 0.3575 0
9.16667 0.3575 0
12.8333 0.3575 0.0777083
16.5 0.3575 0.0541667
20.1667 0.3575 0.045625
23.8333 0.3575 0.0335417
27.5 0.3575 0.0266667
31.1667 0.3575 0.0241667
34.8333 0.3575 0.02125
38.5 0.3575 0.0172917
42.1667 0.3575 0.0125
45.8333 0.3575 0.013125
49.5 0.3575 0.0135417
53.1667 0.3575 0.01125
56.8333 0.3575 0.00833333
60.5 0.3575 0.00729167
64.1667 0.3575 0.00604167
67.8333 0.3575 0.00541667
71.5 0.3575 0.00604167
75.1667 0.3575 0.00520833
78.8333 0.3575 0.00479167
82.5 0.3575 0.00625
86.1667 0.3575 0.00458333
89.8333 0.3575 0.00354167
93.5 0.3575 0.00375
97.1667 0.3575 0.00270833
100.833 0.3575 0.00291667
104.5 0.3575 0.00166667
108.167 0.3575 0.00049891
1.83333 0.369167 0
5.5 0.369167 0
9.16667 0.369167 0
12.8333 0.369167 0.0733333
16.5 0.369167 0.0522917
20.1667 0.369167 0.0404167
23.8333 0.369167 0.031875
27.5 0.369167 0.026875
31.1667 0.369167 0.021875
34.8333 0.369167 0.0191667
38.5 0.369167 0.013125
42.1667 0.369167 0.015
45.8333 0.369167 0.014375
49.5 0.369167 0.0102083
53.1667 0.369167 0.0129167
56.8333 0.369167 0.00854167
60.5 0.369167 0.00625
64.1667 0.369167 0.00854167
67.8333 0.369167 0.00895833
71.5 0.369167 0.00604167
75.1667 0.369167 0.00479167
78.8333 0.369167 0.00625
82.5 0.369167 0.00541667
86.1667 0.369167 0.004375
89.8333 0.369167 0.00416667
93.5 0.369167 0.004375
97.1667 0.369167 0.00270833
100.833 0.369167 0.00125
104.5 0.369167 0.0025
108.167 0.369167 0.000458598
1.83333 0.380833 0
5.5 0.380833 0
9.16667 0.380833 0
12.8333 0.380833 0.0635417
16.5 0.380833 0.0510417
20.1667 0.380833 0.0379167
23.8333 0.380833 0.0289583
27.5 0.380833 0.0270833
31.1667 0.380833 0.02125
34.8333 0.380833 0.015625
38.5 0.380833 0.0114583
42.1667 0.380833 0.015625
45.8333 0.380833 0.0133333
49.5 0.380833 0.01
53.1667 0.380833 0.00875
56.8333 0.380833 0.00770833
60.5 0.380833 0.00583333
64.1667 0.380833 0.00645833
67.8333 0.380833 0.00416667
71.5 0.380833 0.004375
75.1667 0.380833 0.00520833
78.8333 0.380833 0.00354167
82.5 0.380833 0.00375
86.1667 0.380833 0.004375
89.8333 0.380833 0.00458333
93.5 0.380833 0.00375
97.1667 0.380833 0.00375
100.833 0.380833 0.0025
104.5 0.380833 0.000833333
108.167 0.380833 0.000422653
1.83333 0.3925 0
5.5 0.3925 0
9.16667 0.3925 0
12.8333 0.3925 0.060625
16.5 0.3925 0.0439583
20.1667 0.3925 0.0325
23.8333 0.3925 0.02625
27.5 0.3925 0.0233333
31.1667 0.3925 0.0158333
34.8333 0.3925 0.0160417
38.5 0.3925 0.0125
42.1667 0.3925 0.0127083
45.8333 0.3925 0.0127083
49.5 0.3925 0.009375
53.1667 0.3925 0.00791667
56.8333 0.3925 0.00583333
60.5 0.3925 0.00666667
64.1667 0.3925 0.005
67.8333 0.3925 0.005625
71.5 0.3925 0.003125
75.1667 0.3925 0.005
78.8333 0.3925 0.004375
82.5 0.3925 0.00375
86.1667 0.3925 0.00375
89.8333 0.3925 0.00354167
93.5 0.3925 0.00333333
97.1667 0.3925 0.0025
100.833 0.3925 0.00333333
104.5 0.3925 0.00208333
108.167 0.3925 0.000390483
1.83333 0.404167 0
5.5 0.404167 0
9.16667 0.404167 0
12.8333 0.404167 0.0516667
16.5 0.404167 0.040625
20.1667 0.404167 0.026875
23.8333 0.404167 0.0210417
27.5 0.404167 0.01875
31.1667 0.404167 0.0166667
34.8333 0.404167 0.0179167
38.5 0.404167 0.01125
42.1667 0.404167 0.01
45.8333 0.404167 0.0102083
49.5 0.404167 0.008125
53.1667 0.404167 0.00645833
56.8333 0.404167 0.0075
60.5 0.404167 0.004375
64.1667 0.404167 0.005
67.8333 0.404167 0.00375
71.5 0.404167 0.00479167
75.1667 0.404167 0.00395833
78.8333 0.404167 0.00333333
82.5 0.404167 0.00229167
86.1667 0.404167 0.00229167
89.8333 0.404167 0.0025
93.5 0.404167 0.0025
97.1667 0.404167 0.00208333
100.833 0.404167 0.00125
104.5 0.404167 0.00208333
108.167 0.404167 0.000361599
1.83333 0.415833 0
5.5 0.415833 0
9.16667 0.415833 0
12.8333 0.415833 0.0502083
16.5 0.415833 0.0347917
20.1667 0.415833 0.02375
23.8333 0.415833 0.0179167
27.5 0.415833 0.02125
31.1667 0.415833 0.015
34.8333 0.415833 0.00958333
38.5 0.415833 0.0116667
42.1667 0.415833 0.00833333
45.8333 0.415833 0.00770833
49.5 0.415833 0.00625
53.1667 0.415833 0.00604167
56.8333 0.415833 0.00583333
60.5 0.415833 0.00479167
64.1667 0.415833 0.00541667
67.8333 0.415833 0.00520833
71.5 0.415833 0.00541667
75.1667 0.415833 0.00458333
78.8333 0.415833 0.00354167
82.5 0.415833 0.00333333
86.1667 0.415833 0.00291667
89.8333 0.415833 0.00208333
93.5 0.415833 0.00125
97.1667 0.415833 0.00229167
100.833 0.415833 0.000416667
104.5 0.415833 0.000833333
108.167 0.415833 0.000335587
1.83333 0.4275 0
5.5 0.4275 0
9.16667 0.4275 0
12.8333 0.4275 0.044375
16.5 0.4275 0.0304167
20.1667 0.4275 0.0266667
23.8333 0.4275 0.0216667
27.5 0.4275 0.0170833
31.1667 0.4275 0.0116667
34.8333 0.4275 0.0125
38.5 0.4275 0.0104167
42.1667 0.4275 0.0102083
45.8333 0.4275 0.00833333
49.5 0.4275 0.00708333
53.1667 0.4275 0.00604167
56.8333 0.4275 0.00666667
60.5 0.4275 0.00520833
64.1667 0.4275 0.005625
67.8333 0.4275 0.00375
71.5 0.4275 0.00354167
75.1667 0.4275 0.00354167
78.8333 0.4275 0.00270833
82.5 0.4275 0.00229167
86.1667 0.4275 0.00291667
89.8333 0.4275 0.003125
93.5 0.4275 0.00229167
97.1667 0.4275 0.00125
100.833 0.4275 0.00145833
104.5 0.4275 0.000833333
108.167 0.4275 0.000312089
1.83333 0.439167 0
5.5 0.439167 0
9.16667 0.439167 0
12.8333 0.439167 0.03875
16.5 0.439167 0.031875
20.1667 0.439167 0.0227083
23.8333 0.439167 0.0208333
27.5 0.439167 0.0133333
31.1667 0.439167 0.0116667
34.8333 0.439167 0.0120833
38.5 0.439167 0.0116667
42.1667 0.439167 0.0104167
45.8333 0.439167 0.00854167
49.5 0.439167 0.00645833
53.1667 0.439167 0.00645833
56.8333 0.439167 0.00479167
60.5 0.439167 0.00416667
64.1667 0.439167 0.00458333
67.8333 0.439167 0.00333333
71.5 0.439167 0.00375
75.1667 0.439167 0.00145833
78.8333 0.439167 0.00395833
82.5 0.439167 0.003125
86.1667 0.439167 0.001875
89.8333 0.439167 0.00145833
93.5 0.439167 0.00208333
97.1667 0.439167 0.001875
100.833 0.439167 0.000625
104.5 0.439167 0.000833333
108.167 0.439167 0.000290803
1.83333 0.450833 0
5.5 0.450833 0
9.16667 0.450833 0
12.8333 0.450833 0.0391667
16.5 0.450833 0.0247917
20.1667 0.450833 0.02375
23.8333 0.450833 0.0189583
27.5 0.450833 0.0160417
31.1667 0.450833 0.01125
34.8333 0.450833 0.0102083
38.5 0.450833 0.00833333
42.1667 0.450833 0.00729167
45.8333 0.450833 0.00645833
49.5 0.450833 0.00604167
53.1667 0.450833 0.00479167
56.8333 0.450833 0.00520833
60.5 0.450833 0.00625
64.1667 0.450833 0.00395833
67.8333 0.450833 0.004375
71.5 0.450833 0.00291667
75.1667 0.450833 0.00479167
78.8333 0.450833 0.004375
82.5 0.450833 0.001875
86.1667 0.450833 0.00229167
89.8333 0.450833 0.00270833
93.5 0.450833 0.001875
97.1667 0.450833 0.00229167
100.833 0.450833 0.00104167
104.5 0.450833 0.000833333
108.167 0.450833 0.000271474
1.83333 0.4625 0
5.5 0.4625 0
9.16667 0.4625 0
12.8333 0.4625 0.0391667
16.5 0.4625 0.023125
20.1667 0.4625 0.01875
23.8333 0.4625 0.0147917
27.5 0.4625 0.0135417
31.1667 0.4625 0.00895833
34.8333 0.4625 0.0075
38.5 0.4625 0.00708333
42.1667 0.4625 0.00708333
45.8333 0.4625 0.00645833
49.5 0.4625 0.00395833
53.1667 0.4625 0.004375
56.8333 0.4625 0.004375
60.5 0.4625 0.00416667
64.1667 0.4625 0.00479167
67.8333 0.4625 0.00354167
71.5 0.4625 0.00375
75.1667 0.4625 0.00208333
78.8333 0.4625 0.001875
82.5 0.4625 0.00104167
86.1667 0.4625 0.00125
89.8333 0.4625 0.00208333
93.5 0.4625 0.00208333
97.1667 0.4625 0.00229167
100.833 0.4625 0.000833333
104.5 0.4625 0.000833333
108.167 0.4625 0.000253873
1.83333 0.474167 0
5.5 0.474167 0
9.16667 0.474167 0
12.8333 0.474167 0.030625
16.5 0.474167 0.02625
20.1667 0.474167 0.0152083
23.8333 0.474167 0.0154167
27.5 0.474167 0.0133333
31.1667 0.474167 0.00833333
34.8333 0.474167 0.00916667
38.5 0.474167 0.00520833
42.1667 0.474167 0.00583333
45.8333 0.474167 0.00645833
49.5 0.474167 0.00645833
53.1667 0.474167 0.00479167
56.8333 0.474167 0.00520833
60.5 0.474167 0.00458333
64.1667 0.474167 0.004375
67.8333 0.474167 0.00208333
71.5 0.474167 0.00291667
75.1667 0.474167 0.00208333
78.8333 0.474167 0.00145833
82.5 0.474167 0.00333333
86.1667 0.474167 0.00208333
89.8333 0.474167 0.00229167
93.5 0.474167 0.00229167
97.1667 0.474167 0.001875
100.833 0.474167 0.000625
104.5 0.474167 0.00125
108.167 0.474167 0.000237811
1.83333 0.485833 0
5.5 0.485833 0
9.16667 0.485833 0
12.8333 0.485833 0.0272917
16.5 0.485833 0.0241667
20.1667 0.485833 0.0160417
23.8333 0.485833 0.0108333
27.5 0.485833 0.0108333
31.1667 0.485833 0.01
34.8333 0.485833 0.00791667
38.5 0.485833 0.00625
42.1667 0.485833 0.00541667
45.8333 0.485833 0.00479167
49.5 0.485833 0.00520833
53.1667 0.485833 0.00458333
56.8333 0.485833 0.005
60.5 0.485833 0.004375
64.1667 0.485833 0.003125
67.8333 0.485833 0.00354167
71.5 0.485833 0.00395833
75.1667 0.485833 0.00291667
78.8333 0.485833 0.00270833
82.5 0.485833 0.000833333
86.1667 0.485833 0.00166667
89.8333 0.485833 0.00208333
93.5 0.485833 0.00145833
97.1667 0.485833 0.000625
100.833 0.485833 0.000625
104.5 0.485833 0.000416667
108.167 0.485833 0.00022312
1.83333 0.4975 0
5.5 0.4975 0
9.16667 0.4975 0
12.8333 0.4975 0.0264583
16.5 0.4975 0.0233333
20.1667 0.4975 0.0166667
23.8333 0.4975 0.010625
27.5 0.4975 0.00875
31.1667 0.4975 0.00791667
34.8333 0.4975 0.00645833
38.5 0.4975 0.006875
42.1667 0.4975 0.00625
45.8333 0.4975 0.00479167
49.5 0.4975 0.00458333
53.1667 0.4975 0.004375
56.8333 0.4975 0.00375
60.5 0.4975 0.00354167
64.1667 0.4975 0.00354167
67.8333 0.4975 0.00479167
71.5 0.4975 0.0025
75.1667 0.4975 0.00229167
78.8333 0.4975 0.00166667
82.5 0.4975 0.00125
86.1667 0.4975 0.00229167
89.8333 0.4975 0.00208333
93.5 0.4975 0.00125
97.1667 0.4975 0.000833333
100.833 0.4975 0.000416667
104.5 0.4975 0.000416667
108.167 0.4975 0.000209652
1.83333 0.509167 0
5.5 0.509167 0
9.16667 0.509167 0
12.8333 0.509167 0.025
16.5 0.509167 0.02
20.1667 0.509167 0.0116667
23.8333 0.509167 0.011875
27.5 0.509167 0.0125
31.1667 0.509167 0.01125
34.8333 0.509167 0.00770833
38.5 0.509167 0.00520833
42.1667 0.509167 0.005625
45.8333 0.509167 0.00458333
49.5 0.509167 0.00416667
53.1667 0.509167 0.00354167
56.8333 0.509167 0.00395833
60.5 0.509167 0.00270833
64.1667 0.509167 0.005
67.8333 0.509167 0.00270833
71.5 0.509167 0.001875
75.1667 0.509167 0.00229167
78.8333 0.509167 0.00208333
82.5 0.509167 0.00125
86.1667 0.509167 0.001875
89.8333 0.509167 0.00125
93.5 0.509167 0.00208333
97.1667 0.509167 0.00145833
100.833 0.509167 0.00166667
104.5 0.509167 0.000625
108.167 0.509167 0.000197282
