30 30 0.7 0.0116667
0.35 0.170833 0
1.05 0.170833 0
1.75 0.170833 0
2.45 0.170833 0
3.15 0.170833 0
3.85 0.170833 0
4.55 0.170833 0
5.25 0.170833 0
5.95 0.170833 0
6.65 0.170833 0
7.35 0.170833 0
8.05 0.170833 0
8.75 0.170833 0
9.45 0.170833 0
10.15 0.170833 0.00149435
10.85 0.170833 0.00199247
11.55 0.170833 0.00143901
12.25 0.170833 0.00204782
12.95 0.170833 0.00215851
13.65 0.170833 0.00204782
14.35 0.170833 0.00160505
15.05 0.170833 0.00249059
15.75 0.170833 0.00282267
16.45 0.170833 0.00326544
17.15 0.170833 0.00459376
17.85 0.170833 0.00664158
18.55 0.170833 0.0147222
19.25 0.170833 0.175282
19.95 0.170833 0.5264
20.65 0.170833 0.00730573
0.35 0.1825 0
1.05 0.1825 0
1.75 0.1825 0
2.45 0.1825 0
3.15 0.1825 0
3.85 0.1825 0
4.55 0.1825 0
5.25 0.1825 0
5.95 0.1825 0
6.65 0.1825 0
7.35 0.1825 0
8.05 0.1825 0
8.75 0.1825 0
9.45 0.1825 0
10.15 0.1825 0.00204782
10.85 0.1825 0.00116228
11.55 0.1825 0.00221386
12.25 0.1825 0.00254594
12.95 0.1825 0.00221386
13.65 0.1825 0.00193713
14.35 0.1825 0.00249059
15.05 0.1825 0.00254594
15.75 0.1825 0.00304406
16.45 0.1825 0.00348683
17.15 0.1825 0.00558999
17.85 0.1825 0.00780385
18.55 0.1825 0.0188731
19.25 0.1825 0.244023
19.95 0.1825 0.491311
20.65 0.1825 5.53465e-05
0.35 0.194167 0
1.05 0.194167 0
1.75 0.194167 0
2.45 0.194167 0
3.15 0.194167 0
3.85 0.194167 0
4.55 0.194167 0
5.25 0.194167 0
5.95 0.194167 0
6.65 0.194167 0
7.35 0.194167 0
8.05 0.194167 0
8.75 0.194167 0
9.45 0.194167 0
10.15 0.194167 0.00193713
10.85 0.194167 0.00177109
11.55 0.194167 0.00177109
12.25 0.194167 0.00221386
12.95 0.194167 0.00265663
13.65 0.194167 0.00215851
14.35 0.194167 0.00232455
15.05 0.194167 0.00348683
15.75 0.194167 0.00287802
16.45 0.194167 0.00354217
17.15 0.194167 0.00564534
17.85 0.194167 0.00902147
18.55 0.194167 0.0234116
19.25 0.194167 0.320124
19.95 0.194167 0.440779
20.65 0.194167 0.000110693
0.35 0.205833 0
1.05 0.205833 0
1.75 0.205833 0
2.45 0.205833 0
3.15 0.205833 0
3.85 0.205833 0
4.55 0.205833 0
5.25 0.205833 0
5.95 0.205833 0
6.65 0.205833 0
7.35 0.205833 0
8.05 0.205833 0
8.75 0.205833 0
9.45 0.205833 0
10.15 0.205833 0.00193713
10.85 0.205833 0.00232455
11.55 0.205833 0.00221386
12.25 0.205833 0.00276732
12.95 0.205833 0.0023799
13.65 0.205833 0.00326544
14.35 0.205833 0.00243524
15.05 0.205833 0.0032101
15.75 0.205833 0.00332079
16.45 0.205833 0.00426168
17.15 0.205833 0.00581138
17.85 0.205833 0.00880009
18.55 0.205833 0.032267
19.25 0.205833 0.416205
19.95 0.205833 0.38665
20.65 0.205833 0
0.35 0.2175 0
1.05 0.2175 0
1.75 0.2175 0
2.45 0.2175 0
3.15 0.2175 0
3.85 0.2175 0
4.55 0.2175 0
5.25 0.2175 0
5.95 0.2175 0
6.65 0.2175 0
7.35 0.2175 0
8.05 0.2175 0
8.75 0.2175 0
9.45 0.2175 0
10.15 0.2175 0.00188178
10.85 0.2175 0.00260128
11.55 0.2175 0.00293336
12.25 0.2175 0.00243524
12.95 0.2175 0.00226921
13.65 0.2175 0.00365287
14.35 0.2175 0.00260128
15.05 0.2175 0.0032101
15.75 0.2175 0.00398495
16.45 0.2175 0.00404029
17.15 0.2175 0.00653088
17.85 0.2175 0.0111246
18.55 0.2175 0.0452181
19.25 0.2175 0.516272
19.95 0.2175 0.309608
20.65 0.2175 0.000110693
0.35 0.229167 0
1.05 0.229167 0
1.75 0.229167 0
2.45 0.229167 0
3.15 0.229167 0
3.85 0.229167 0
4.55 0.229167 0
5.25 0.229167 0
5.95 0.229167 0
6.65 0.229167 0
7.35 0.229167 0
8.05 0.229167 0
8.75 0.229167 0
9.45 0.229167 0
10.15 0.229167 0.00265663
10.85 0.229167 0.00226921
11.55 0.229167 0.00332079
12.25 0.229167 0.00265663
12.95 0.229167 0.00243524
13.65 0.229167 0.00315475
14.35 0.229167 0.00332079
15.05 0.229167 0.00298871
15.75 0.229167 0.00437237
16.45 0.229167 0.00625415
17.15 0.229167 0.0085787
17.85 0.229167 0.0135599
18.55 0.229167 0.0795329
19.25 0.229167 0.611578
19.95 0.229167 0.229688
20.65 0.229167 0
0.35 0.240833 0
1.05 0.240833 0
1.75 0.240833 0
2.45 0.240833 0
3.15 0.240833 0
3.85 0.240833 0
4.55 0.240833 0
5.25 0.240833 0
5.95 0.240833 0
6.65 0.240833 0
7.35 0.240833 0
8.05 0.240833 0
8.75 0.240833 0
9.45 0.240833 0
10.15 0.240833 0.00193713
10.85 0.240833 0.00254594
11.55 0.240833 0.00271198
12.25 0.240833 0.00276732
12.95 0.240833 0.00265663
13.65 0.240833 0.00276732
14.35 0.240833 0.00381891
15.05 0.240833 0.00398495
15.75 0.240833 0.00470445
16.45 0.240833 0.00636484
17.15 0.240833 0.00796989
17.85 0.240833 0.01677
18.55 0.240833 0.143458
19.25 0.240833 0.671961
19.95 0.240833 0.138366
20.65 0.240833 0.000110693
0.35 0.2525 0
1.05 0.2525 0
1.75 0.2525 0
2.45 0.2525 0
3.15 0.2525 0
3.85 0.2525 0
4.55 0.2525 0
5.25 0.2525 0
5.95 0.2525 0
6.65 0.2525 0
7.35 0.2525 0
8.05 0.2525 0
8.75 0.2525 0
9.45 0.2525 0
10.15 0.2525 0.00276732
10.85 0.2525 0.0023799
11.55 0.2525 0.00298871
12.25 0.2525 0.00359752
12.95 0.2525 0.00337613
13.65 0.2525 0.00254594
14.35 0.2525 0.00298871
15.05 0.2525 0.00426168
15.75 0.2525 0.00487049
16.45 0.2525 0.00597742
17.15 0.2525 0.0101284
17.85 0.2525 0.0211977
18.55 0.2525 0.236828
19.25 0.2525 0.702291
19.95 0.2525 0.0275072
20.65 0.2525 5.53465e-05
0.35 0.264167 0
1.05 0.264167 0
1.75 0.264167 0
2.45 0.264167 0
3.15 0.264167 0
3.85 0.264167 0
4.55 0.264167 0
5.25 0.264167 0
5.95 0.264167 0
6.65 0.264167 0
7.35 0.264167 0
8.05 0.264167 0
8.75 0.264167 0
9.45 0.264167 0
10.15 0.264167 0.00243524
10.85 0.264167 0.0023799
11.55 0.264167 0.00359752
12.25 0.264167 0.0023799
12.95 0.264167 0.00287802
13.65 0.264167 0.00398495
14.35 0.264167 0.0030994
15.05 0.264167 0.00470445
15.75 0.264167 0.00492584
16.45 0.264167 0.00664158
17.15 0.264167 0.0104051
17.85 0.264167 0.029389
18.55 0.264167 0.372205
19.25 0.264167 0.638588
19.95 0.264167 0.00110693
20.65 0.264167 0
0.35 0.275833 0
1.05 0.275833 0
1.75 0.275833 0
2.45 0.275833 0
3.15 0.275833 0
3.85 0.275833 0
4.55 0.275833 0
5.25 0.275833 0
5.95 0.275833 0
6.65 0.275833 0
7.35 0.275833 0
8.05 0.275833 0
8.75 0.275833 0
9.45 0.275833 0
10.15 0.275833 0.00287802
10.85 0.275833 0.00287802
11.55 0.275833 0.00298871
12.25 0.275833 0.00337613
12.95 0.275833 0.00326544
13.65 0.275833 0.00404029
14.35 0.275833 0.00448306
15.05 0.275833 0.00525791
15.75 0.275833 0.00558999
16.45 0.275833 0.00719504
17.15 0.275833 0.0119548
17.85 0.275833 0.03913
18.55 0.275833 0.497786
19.25 0.275833 0.537027
19.95 0.275833 0.00138366
20.65 0.275833 0
0.35 0.2875 0
1.05 0.2875 0
1.75 0.2875 0
2.45 0.2875 0
3.15 0.2875 0
3.85 0.2875 0
4.55 0.2875 0
5.25 0.2875 0
5.95 0.2875 0
6.65 0.2875 0
7.35 0.2875 0
8.05 0.2875 0
8.75 0.2875 0
9.45 0.2875 0
10.15 0.2875 0.00276732
10.85 0.2875 0.00343148
11.55 0.2875 0.00287802
12.25 0.2875 0.00365287
12.95 0.2875 0.00265663
13.65 0.2875 0.00376356
14.35 0.2875 0.00453841
15.05 0.2875 0.00625415
15.75 0.2875 0.00536861
16.45 0.2875 0.00808058
17.15 0.2875 0.0154417
17.85 0.2875 0.0635931
18.55 0.2875 0.629677
19.25 0.2875 0.396391
19.95 0.2875 0.000387425
20.65 0.2875 5.53465e-05
0.35 0.299167 0
1.05 0.299167 0
1.75 0.299167 0
2.45 0.299167 0
3.15 0.299167 0
3.85 0.299167 0
4.55 0.299167 0
5.25 0.299167 0
5.95 0.299167 0
6.65 0.299167 0
7.35 0.299167 0
8.05 0.299167 0
8.75 0.299167 0
9.45 0.299167 0
10.15 0.299167 0.0030994
10.85 0.299167 0.00315475
11.55 0.299167 0.00326544
12.25 0.299167 0.00409564
12.95 0.299167 0.00370821
13.65 0.299167 0.00348683
14.35 0.299167 0.00442772
15.05 0.299167 0.0061988
15.75 0.299167 0.00686296
16.45 0.299167 0.00935355
17.15 0.299167 0.0180983
17.85 0.299167 0.119604
18.55 0.299167 0.73323
19.25 0.299167 0.267323
19.95 0.299167 0.000442772
20.65 0.299167 0
0.35 0.310833 0
1.05 0.310833 0
1.75 0.310833 0
2.45 0.310833 0
3.15 0.310833 0
3.85 0.310833 0
4.55 0.310833 0
5.25 0.310833 0
5.95 0.310833 0
6.65 0.310833 0
7.35 0.310833 0
8.05 0.310833 0
8.75 0.310833 0
9.45 0.310833 0
10.15 0.310833 0.00381891
10.85 0.310833 0.00304406
11.55 0.310833 0.00365287
12.25 0.310833 0.00348683
12.95 0.310833 0.00453841
13.65 0.310833 0.00520257
14.35 0.310833 0.00448306
15.05 0.310833 0.00586673
15.75 0.310833 0.00730573
16.45 0.310833 0.0117888
17.15 0.310833 0.0247952
17.85 0.310833 0.232234
18.55 0.310833 0.825991
19.25 0.310833 0.114456
19.95 0.310833 0.000387425
20.65 0.310833 0
0.35 0.3225 0
1.05 0.3225 0
1.75 0.3225 0
2.45 0.3225 0
3.15 0.3225 0
3.85 0.3225 0
4.55 0.3225 0
5.25 0.3225 0
5.95 0.3225 0
6.65 0.3225 0
7.35 0.3225 0
8.05 0.3225 0
8.75 0.3225 0
9.45 0.3225 0
10.15 0.3225 0.00315475
10.85 0.3225 0.0030994
11.55 0.3225 0.00315475
12.25 0.3225 0.00326544
12.95 0.3225 0.00409564
13.65 0.3225 0.00509188
14.35 0.3225 0.00487049
15.05 0.3225 0.0061988
15.75 0.3225 0.00686296
16.45 0.3225 0.0122316
17.15 0.3225 0.0308833
17.85 0.3225 0.396336
18.55 0.3225 0.790403
19.25 0.3225 0.00492584
19.95 0.3225 0.000442772
20.65 0.3225 0
0.35 0.334167 0
1.05 0.334167 0
1.75 0.334167 0
2.45 0.334167 0
3.15 0.334167 0
3.85 0.334167 0
4.55 0.334167 0
5.25 0.334167 0
5.95 0.334167 0
6.65 0.334167 0
7.35 0.334167 0
8.05 0.334167 0
8.75 0.334167 0
9.45 0.334167 0
10.15 0.334167 0.00326544
10.85 0.334167 0.00354217
11.55 0.334167 0.00348683
12.25 0.334167 0.00359752
12.95 0.334167 0.00398495
13.65 0.334167 0.0046491
14.35 0.334167 0.00470445
15.05 0.334167 0.00558999
15.75 0.334167 0.00813593
16.45 0.334167 0.0140027
17.15 0.334167 0.0497011
17.85 0.334167 0.552081
18.55 0.334167 0.636761
19.25 0.334167 0.00243524
19.95 0.334167 0.000221386
20.65 0.334167 0
0.35 0.345833 0
1.05 0.345833 0
1.75 0.345833 0
2.45 0.345833 0
3.15 0.345833 0
3.85 0.345833 0
4.55 0.345833 0
5.25 0.345833 0
5.95 0.345833 0
6.65 0.345833 0
7.35 0.345833 0
8.05 0.345833 0
8.75 0.345833 0
9.45 0.345833 0
10.15 0.345833 0.00359752
10.85 0.345833 0.00304406
11.55 0.345833 0.0039296
12.25 0.345833 0.00415099
12.95 0.345833 0.00453841
13.65 0.345833 0.00514722
14.35 0.345833 0.00525791
15.05 0.345833 0.00669692
15.75 0.345833 0.0102391
16.45 0.345833 0.0177109
17.15 0.345833 0.085621
17.85 0.345833 0.717733
18.55 0.345833 0.469117
19.25 0.345833 0.00226921
19.95 0.345833 0
20.65 0.345833 0
0.35 0.3575 0
1.05 0.3575 0
1.75 0.3575 0
2.45 0.3575 0
3.15 0.3575 0
3.85 0.3575 0
4.55 0.3575 0
5.25 0.3575 0
5.95 0.3575 0
6.65 0.3575 0
7.35 0.3575 0
8.05 0.3575 0
8.75 0.3575 0
9.45 0.3575 0
10.15 0.3575 0.0030994
10.85 0.3575 0.00415099
11.55 0.3575 0.00431702
12.25 0.3575 0.00387425
12.95 0.3575 0.0046491
13.65 0.3575 0.0046491
14.35 0.3575 0.00570069
15.05 0.3575 0.00725039
15.75 0.3575 0.0118441
16.45 0.3575 0.0232455
17.15 0.3575 0.173567
17.85 0.3575 0.832522
18.55 0.3575 0.273024
19.25 0.3575 0.00132832
19.95 0.3575 5.53465e-05
20.65 0.3575 0
0.35 0.369167 0
1.05 0.369167 0
1.75 0.369167 0
2.45 0.369167 0
3.15 0.369167 0
3.85 0.369167 0
4.55 0.369167 0
5.25 0.369167 0
5.95 0.369167 0
6.65 0.369167 0
7.35 0.369167 0
8.05 0.369167 0
8.75 0.369167 0
9.45 0.369167 0
10.15 0.369167 0.00437237
10.85 0.369167 0.00426168
11.55 0.369167 0.0039296
12.25 0.369167 0.00398495
12.95 0.369167 0.00470445
13.65 0.369167 0.00470445
14.35 0.369167 0.00675227
15.05 0.369167 0.00802524
15.75 0.369167 0.0119548
16.45 0.369167 0.0312154
17.15 0.369167 0.326821
17.85 0.369167 0.900266
18.55 0.369167 0.0768209
19.25 0.369167 0.00121762
19.95 0.369167 0
20.65 0.369167 0
0.35 0.380833 0
1.05 0.380833 0
1.75 0.380833 0
2.45 0.380833 0
3.15 0.380833 0
3.85 0.380833 0
4.55 0.380833 0
5.25 0.380833 0
5.95 0.380833 0
6.65 0.380833 0
7.35 0.380833 0
8.05 0.380833 0
8.75 0.380833 0
9.45 0.380833 0
10.15 0.380833 0.00426168
10.85 0.380833 0.00409564
11.55 0.380833 0.00509188
12.25 0.380833 0.00470445
12.95 0.380833 0.00481514
13.65 0.380833 0.00636484
14.35 0.380833 0.00758247
15.05 0.380833 0.0101284
15.75 0.380833 0.0152203
16.45 0.380833 0.042008
17.15 0.380833 0.516715
17.85 0.380833 0.795605
18.55 0.380833 0.0032101
19.25 0.380833 0.00143901
19.95 0.380833 5.53465e-05
20.65 0.380833 0
0.35 0.3925 0
1.05 0.3925 0
1.75 0.3925 0
2.45 0.3925 0
3.15 0.3925 0
3.85 0.3925 0
4.55 0.3925 0
5.25 0.3925 0
5.95 0.3925 0
6.65 0.3925 0
7.35 0.3925 0
8.05 0.3925 0
8.75 0.3925 0
9.45 0.3925 0
10.15 0.3925 0.0039296
10.85 0.3925 0.00376356
11.55 0.3925 0.00459376
12.25 0.3925 0.00459376
12.95 0.3925 0.00719504
13.65 0.3925 0.00669692
14.35 0.3925 0.00658623
15.05 0.3925 0.0103498
15.75 0.3925 0.0184857
16.45 0.3925 0.0739429
17.15 0.3925 0.717954
17.85 0.3925 0.592816
18.55 0.3925 0.00376356
19.25 0.3925 0.00116228
19.95 0.3925 0
20.65 0.3925 0
0.35 0.404167 0
1.05 0.404167 0
1.75 0.404167 0
2.45 0.404167 0
3.15 0.404167 0
3.85 0.404167 0
4.55 0.404167 0
5.25 0.404167 0
5.95 0.404167 0
6.65 0.404167 0
7.35 0.404167 0
8.05 0.404167 0
8.75 0.404167 0
9.45 0.404167 0
10.15 0.404167 0.0046491
10.85 0.404167 0.00437237
11.55 0.404167 0.00470445
12.25 0.404167 0.00442772
12.95 0.404167 0.00581138
13.65 0.404167 0.00603277
14.35 0.404167 0.0086894
15.05 0.404167 0.0111246
15.75 0.404167 0.0239097
16.45 0.404167 0.169803
17.15 0.404167 0.863239
17.85 0.404167 0.356874
18.55 0.404167 0.00387425
19.25 0.404167 0.000774851
19.95 0.404167 0
20.65 0.404167 0
0.35 0.415833 0
1.05 0.415833 0
1.75 0.415833 0
2.45 0.415833 0
3.15 0.415833 0
3.85 0.415833 0
4.55 0.415833 0
5.25 0.415833 0
5.95 0.415833 0
6.65 0.415833 0
7.35 0.415833 0
8.05 0.415833 0
8.75 0.415833 0
9.45 0.415833 0
10.15 0.415833 0.0047598
10.85 0.415833 0.00503653
11.55 0.415833 0.00531326
12.25 0.415833 0.00536861
12.95 0.415833 0.00636484
13.65 0.415833 0.00774851
14.35 0.415833 0.00830197
15.05 0.415833 0.0135599
15.75 0.415833 0.0313261
16.45 0.415833 0.334514
17.15 0.415833 0.969836
17.85 0.415833 0.118829
18.55 0.415833 0.00265663
19.25 0.415833 0.000387425
19.95 0.415833 5.53465e-05
20.65 0.415833 0
0.35 0.4275 0
1.05 0.4275 0
1.75 0.4275 0
2.45 0.4275 0
3.15 0.4275 0
3.85 0.4275 0
4.55 0.4275 0
5.25 0.4275 0
5.95 0.4275 0
6.65 0.4275 0
7.35 0.4275 0
8.05 0.4275 0
8.75 0.4275 0
9.45 0.4275 0
10.15 0.4275 0.00453841
10.85 0.4275 0.0047598
11.55 0.4275 0.0047598
12.25 0.4275 0.00603277
12.95 0.4275 0.00625415
13.65 0.4275 0.00675227
14.35 0.4275 0.0094089
15.05 0.4275 0.0164379
15.75 0.4275 0.0457162
16.45 0.4275 0.550697
17.15 0.4275 0.857317
17.85 0.4275 0.00509188
18.55 0.4275 0.00254594
19.25 0.4275 0.000442772
19.95 0.4275 0
20.65 0.4275 0
0.35 0.439167 0
1.05 0.439167 0
1.75 0.439167 0
2.45 0.439167 0
3.15 0.439167 0
3.85 0.439167 0
4.55 0.439167 0
5.25 0.439167 0
5.95 0.439167 0
6.65 0.439167 0
7.35 0.439167 0
8.05 0.439167 0
8.75 0.439167 0
9.45 0.439167 0
10.15 0.439167 0.00498118
10.85 0.439167 0.0046491
11.55 0.439167 0.00653088
12.25 0.439167 0.00481514
12.95 0.439167 0.00752712
13.65 0.439167 0.00841266
14.35 0.439167 0.0110139
15.05 0.439167 0.0199247
15.75 0.439167 0.0868386
16.45 0.439167 0.769869
17.15 0.439167 0.616006
17.85 0.439167 0.00343148
18.55 0.439167 0.00221386
19.25 0.439167 5.53465e-05
19.95 0.439167 0
20.65 0.439167 0
0.35 0.450833 0
1.05 0.450833 0
1.75 0.450833 0
2.45 0.450833 0
3.15 0.450833 0
3.85 0.450833 0
4.55 0.450833 0
5.25 0.450833 0
5.95 0.450833 0
6.65 0.450833 0
7.35 0.450833 0
8.05 0.450833 0
8.75 0.450833 0
9.45 0.450833 0
10.15 0.450833 0.00503653
10.85 0.450833 0.00553465
11.55 0.450833 0.00586673
12.25 0.450833 0.00553465
12.95 0.450833 0.00691831
13.65 0.450833 0.00863405
14.35 0.450833 0.0116228
15.05 0.450833 0.025404
15.75 0.450833 0.198638
16.45 0.450833 0.911501
17.15 0.450833 0.35538
17.85 0.450833 0.00354217
18.55 0.450833 0.00210317
19.25 0.450833 0.000110693
19.95 0.450833 5.53465e-05
20.65 0.450833 0
0.35 0.4625 0
1.05 0.4625 0
1.75 0.4625 0
2.45 0.4625 0
3.15 0.4625 0
3.85 0.4625 0
4.55 0.4625 0
5.25 0.4625 0
5.95 0.4625 0
6.65 0.4625 0
7.35 0.4625 0
8.05 0.4625 0
8.75 0.4625 0
9.45 0.4625 0
10.15 0.4625 0.00531326
10.85 0.4625 0.00536861
11.55 0.4625 0.00680762
12.25 0.4625 0.00713969
12.95 0.4625 0.0085787
13.65 0.4625 0.0106819
14.35 0.4625 0.0147775
15.05 0.4625 0.0343148
15.75 0.4625 0.398329
16.45 0.4625 0.995628
17.15 0.4625 0.0880009
17.85 0.4625 0.0030994
18.55 0.4625 0.00149435
19.25 0.4625 0
19.95 0.4625 0
20.65 0.4625 0
0.35 0.474167 0
1.05 0.474167 0
1.75 0.474167 0
2.45 0.474167 0
3.15 0.474167 0
3.85 0.474167 0
4.55 0.474167 0
5.25 0.474167 0
5.95 0.474167 0
6.65 0.474167 0
7.35 0.474167 0
8.05 0.474167 0
8.75 0.474167 0
9.45 0.474167 0
10.15 0.474167 0.00520257
10.85 0.474167 0.00509188
11.55 0.474167 0.00531326
12.25 0.474167 0.00608811
12.95 0.474167 0.00802524
13.65 0.474167 0.0106819
14.35 0.474167 0.0191499
15.05 0.474167 0.0594975
15.75 0.474167 0.629566
16.45 0.474167 0.823389
17.15 0.474167 0.00448306
17.85 0.474167 0.00404029
18.55 0.474167 0.00132832
19.25 0.474167 0
19.95 0.474167 0
20.65 0.474167 0
0.35 0.485833 0
1.05 0.485833 0
1.75 0.485833 0
2.45 0.485833 0
3.15 0.485833 0
3.85 0.485833 0
4.55 0.485833 0
5.25 0.485833 0
5.95 0.485833 0
6.65 0.485833 0
7.35 0.485833 0
8.05 0.485833 0
8.75 0.485833 0
9.45 0.485833 0
10.15 0.485833 0.00498118
10.85 0.485833 0.00592207
11.55 0.485833 0.00636484
12.25 0.485833 0.00741643
12.95 0.485833 0.00896613
13.65 0.485833 0.012453
14.35 0.485833 0.0204782
15.05 0.485833 0.123589
15.75 0.485833 0.854383
16.45 0.485833 0.565696
17.15 0.485833 0.0047598
17.85 0.485833 0.00343148
18.55 0.485833 0.000498118
19.25 0.485833 0
19.95 0.485833 0
20.65 0.485833 0
0.35 0.4975 0
1.05 0.4975 0
1.75 0.4975 0
2.45 0.4975 0
3.15 0.4975 0
3.85 0.4975 0
4.55 0.4975 0
5.25 0.4975 0
5.95 0.4975 0
6.65 0.4975 0
7.35 0.4975 0
8.05 0.4975 0
8.75 0.4975 0
9.45 0.4975 0
10.15 0.4975 0.00581138
10.85 0.4975 0.00448306
11.55 0.4975 0.00625415
12.25 0.4975 0.0086894
12.95 0.4975 0.00924286
13.65 0.4975 0.0141687
14.35 0.4975 0.0303852
15.05 0.4975 0.291178
15.75 0.4975 0.995019
16.45 0.4975 0.259188
17.15 0.4975 0.00459376
17.85 0.4975 0.00343148
18.55 0.4975 0.000442772
19.25 0.4975 0
19.95 0.4975 0
20.65 0.4975 5.53465e-05
0.35 0.509167 0
1.05 0.509167 0
1.75 0.509167 0
2.45 0.509167 0
3.15 0.509167 0
3.85 0.509167 0
4.55 0.509167 0
5.25 0.509167 0
5.95 0.509167 0
6.65 0.509167 0
7.35 0.509167 0
8.05 0.509167 0
8.75 0.509167 0
9.45 0.509167 0
10.15 0.509167 0.00608811
10.85 0.509167 0.00680762
11.55 0.509167 0.00664158
12.25 0.509167 0.0085787
12.95 0.509167 0.0110693
13.65 0.509167 0.0146668
14.35 0.509167 0.0444432
15.05 0.509167 0.529721
15.75 0.509167 1
16.45 0.509167 0.0233009
17.15 0.509167 0.00415099
17.85 0.509167 0.00215851
18.55 0.509167 0.000166039
19.25 0.509167 0
19.95 0.509167 0
20.65 0.509167 0
