30 30 0.7 0.0116667
0.35 0.170833 0.00675676
1.05 0.170833 0.00363825
1.75 0.170833 0.00259875
2.45 0.170833 0.0031185
3.15 0.170833 0.00259875
3.85 0.170833 0.00259875
4.55 0.170833 0.00155925
5.25 0.170833 0.00259875
5.95 0.170833 0
6.65 0.170833 0.00259875
7.35 0.170833 0.0010395
8.05 0.170833 0
8.75 0.170833 0.002079
9.45 0.170833 0.002079
10.15 0.170833 0.000519751
10.85 0.170833 0.004158
11.55 0.170833 0.00155925
12.25 0.170833 0.0010395
12.95 0.170833 0.00259875
13.65 0.170833 0.000519751
14.35 0.170833 0.00155925
15.05 0.170833 0.00155925
15.75 0.170833 0.002079
16.45 0.170833 0.00519751
17.15 0.170833 0.00571726
17.85 0.170833 0.00623701
18.55 0.170833 0.016632
19.25 0.170833 0.177755
19.95 0.170833 0.512474
20.65 0.170833 0.00987526
0.35 0.1825 0.00623701
1.05 0.1825 0.00363825
1.75 0.1825 0.00155925
2.45 0.1825 0.0031185
3.15 0.1825 0.00155925
3.85 0.1825 0.000519751
4.55 0.1825 0.00155925
5.25 0.1825 0.00155925
5.95 0.1825 0
6.65 0.1825 0.00259875
7.35 0.1825 0.002079
8.05 0.1825 0.00155925
8.75 0.1825 0.00155925
9.45 0.1825 0.0031185
10.15 0.1825 0.0010395
10.85 0.1825 0.00155925
11.55 0.1825 0.002079
12.25 0.1825 0.0031185
12.95 0.1825 0.00259875
13.65 0.1825 0.000519751
14.35 0.1825 0.004158
15.05 0.1825 0.00259875
15.75 0.1825 0.00363825
16.45 0.1825 0.002079
17.15 0.1825 0.00727651
17.85 0.1825 0.00779626
18.55 0.1825 0.018711
19.25 0.1825 0.268191
19.95 0.1825 0.511954
20.65 0.1825 0
0.35 0.194167 0.00467775
1.05 0.194167 0.00259875
1.75 0.194167 0.00155925
2.45 0.194167 0.00155925
3.15 0.194167 0.00259875
3.85 0.194167 0.00259875
4.55 0.194167 0.00155925
5.25 0.194167 0.00259875
5.95 0.194167 0.0010395
6.65 0.194167 0.00155925
7.35 0.194167 0.002079
8.05 0.194167 0.00259875
8.75 0.194167 0.000519751
9.45 0.194167 0.002079
10.15 0.194167 0.0010395
10.85 0.194167 0.000519751
11.55 0.194167 0.002079
12.25 0.194167 0.002079
12.95 0.194167 0.00259875
13.65 0.194167 0.00155925
14.35 0.194167 0.00363825
15.05 0.194167 0.00259875
15.75 0.194167 0.00519751
16.45 0.194167 0.00467775
17.15 0.194167 0.00675676
17.85 0.194167 0.00935551
18.55 0.194167 0.0275468
19.25 0.194167 0.318087
19.95 0.194167 0.43815
20.65 0.194167 0
0.35 0.205833 0.00571726
1.05 0.205833 0.002079
1.75 0.205833 0.0031185
2.45 0.205833 0.002079
3.15 0.205833 0.002079
3.85 0.205833 0.0010395
4.55 0.205833 0.00155925
5.25 0.205833 0.0010395
5.95 0.205833 0.0010395
6.65 0.205833 0.00259875
7.35 0.205833 0.00155925
8.05 0.205833 0.002079
8.75 0.205833 0.00155925
9.45 0.205833 0.00259875
10.15 0.205833 0.00259875
10.85 0.205833 0.00155925
11.55 0.205833 0.004158
12.25 0.205833 0.002079
12.95 0.205833 0.002079
13.65 0.205833 0.00155925
14.35 0.205833 0.00259875
15.05 0.205833 0.00155925
15.75 0.205833 0.0031185
16.45 0.205833 0.00363825
17.15 0.205833 0.00883576
17.85 0.205833 0.0155925
18.55 0.205833 0.0296258
19.25 0.205833 0.405405
19.95 0.205833 0.364865
20.65 0.205833 0
0.35 0.2175 0.0031185
1.05 0.2175 0.000519751
1.75 0.2175 0.00259875
2.45 0.2175 0.002079
3.15 0.2175 0.004158
3.85 0.2175 0.0031185
4.55 0.2175 0.002079
5.25 0.2175 0.000519751
5.95 0.2175 0.004158
6.65 0.2175 0.0010395
7.35 0.2175 0.002079
8.05 0.2175 0.00363825
8.75 0.2175 0.0031185
9.45 0.2175 0.000519751
10.15 0.2175 0.002079
10.85 0.2175 0.00259875
11.55 0.2175 0.00363825
12.25 0.2175 0.0010395
12.95 0.2175 0.002079
13.65 0.2175 0.002079
14.35 0.2175 0.00519751
15.05 0.2175 0.00467775
15.75 0.2175 0.00363825
16.45 0.2175 0.00259875
17.15 0.2175 0.00883576
17.85 0.2175 0.0119543
18.55 0.2175 0.0509356
19.25 0.2175 0.507796
19.95 0.2175 0.300936
20.65 0.2175 0
0.35 0.229167 0.00571726
1.05 0.229167 0.00363825
1.75 0.229167 0.002079
2.45 0.229167 0.00259875
3.15 0.229167 0.00467775
3.85 0.229167 0.002079
4.55 0.229167 0.00155925
5.25 0.229167 0.0031185
5.95 0.229167 0.00155925
6.65 0.229167 0
7.35 0.229167 0.002079
8.05 0.229167 0.0010395
8.75 0.229167 0.00363825
9.45 0.229167 0.0010395
10.15 0.229167 0.002079
10.85 0.229167 0.0031185
11.55 0.229167 0.00259875
12.25 0.229167 0.0031185
12.95 0.229167 0.00259875
13.65 0.229167 0.00259875
14.35 0.229167 0.00363825
15.05 0.229167 0.00727651
15.75 0.229167 0.00467775
16.45 0.229167 0.004158
17.15 0.229167 0.00727651
17.85 0.229167 0.0135135
18.55 0.229167 0.0779626
19.25 0.229167 0.620582
19.95 0.229167 0.218295
20.65 0.229167 0
0.35 0.240833 0.00779626
1.05 0.240833 0.00259875
1.75 0.240833 0.00519751
2.45 0.240833 0.00363825
3.15 0.240833 0.0031185
3.85 0.240833 0.0010395
4.55 0.240833 0.002079
5.25 0.240833 0.00363825
5.95 0.240833 0.00467775
6.65 0.240833 0.002079
7.35 0.240833 0.00571726
8.05 0.240833 0.00259875
8.75 0.240833 0.004158
9.45 0.240833 0.000519751
10.15 0.240833 0.00259875
10.85 0.240833 0.0031185
11.55 0.240833 0.002079
12.25 0.240833 0.00363825
12.95 0.240833 0.002079
13.65 0.240833 0.00363825
14.35 0.240833 0.00259875
15.05 0.240833 0.00259875
15.75 0.240833 0.00519751
16.45 0.240833 0.00467775
17.15 0.240833 0.010395
17.85 0.240833 0.0109148
18.55 0.240833 0.140852
19.25 0.240833 0.702183
19.95 0.240833 0.14605
20.65 0.240833 0
0.35 0.2525 0.00519751
1.05 0.2525 0.00519751
1.75 0.2525 0.00571726
2.45 0.2525 0.00259875
3.15 0.2525 0.00155925
3.85 0.2525 0.0010395
4.55 0.2525 0.0010395
5.25 0.2525 0.00259875
5.95 0.2525 0.00155925
6.65 0.2525 0.002079
7.35 0.2525 0.000519751
8.05 0.2525 0.00363825
8.75 0.2525 0.002079
9.45 0.2525 0.0010395
10.15 0.2525 0.004158
10.85 0.2525 0.002079
11.55 0.2525 0.00519751
12.25 0.2525 0.00155925
12.95 0.2525 0.00259875
13.65 0.2525 0.004158
14.35 0.2525 0.0031185
15.05 0.2525 0.00519751
15.75 0.2525 0.004158
16.45 0.2525 0.00727651
17.15 0.2525 0.00935551
17.85 0.2525 0.0197505
18.55 0.2525 0.253638
19.25 0.2525 0.717256
19.95 0.2525 0.0317048
20.65 0.2525 0
0.35 0.264167 0.0129938
1.05 0.264167 0.00519751
1.75 0.264167 0.0031185
2.45 0.264167 0.0031185
3.15 0.264167 0.00467775
3.85 0.264167 0.002079
4.55 0.264167 0.0031185
5.25 0.264167 0.0031185
5.95 0.264167 0.0010395
6.65 0.264167 0.00259875
7.35 0.264167 0.0010395
8.05 0.264167 0.00467775
8.75 0.264167 0.0010395
9.45 0.264167 0.00363825
10.15 0.264167 0.002079
10.85 0.264167 0.00363825
11.55 0.264167 0.00363825
12.25 0.264167 0.00363825
12.95 0.264167 0.00363825
13.65 0.264167 0.002079
14.35 0.264167 0.00155925
15.05 0.264167 0.004158
15.75 0.264167 0.0031185
16.45 0.264167 0.00779626
17.15 0.264167 0.012474
17.85 0.264167 0.0296258
18.55 0.264167 0.390333
19.25 0.264167 0.60395
19.95 0.264167 0.00155925
20.65 0.264167 0
0.35 0.275833 0.00987526
1.05 0.275833 0.00519751
1.75 0.275833 0.0031185
2.45 0.275833 0.00467775
3.15 0.275833 0.00155925
3.85 0.275833 0.0031185
4.55 0.275833 0.00259875
5.25 0.275833 0.0010395
5.95 0.275833 0.0010395
6.65 0.275833 0.00363825
7.35 0.275833 0.002079
8.05 0.275833 0.004158
8.75 0.275833 0.00363825
9.45 0.275833 0.0031185
10.15 0.275833 0.004158
10.85 0.275833 0.00727651
11.55 0.275833 0.004158
12.25 0.275833 0.002079
12.95 0.275833 0.00259875
13.65 0.275833 0.0031185
14.35 0.275833 0.00519751
15.05 0.275833 0.00467775
15.75 0.275833 0.004158
16.45 0.275833 0.00935551
17.15 0.275833 0.0135135
17.85 0.275833 0.0405405
18.55 0.275833 0.511435
19.25 0.275833 0.512994
19.95 0.275833 0.002079
20.65 0.275833 0
0.35 0.2875 0.0129938
1.05 0.2875 0.00519751
1.75 0.2875 0.00155925
2.45 0.2875 0.00467775
3.15 0.2875 0.0031185
3.85 0.2875 0.00363825
4.55 0.2875 0.0010395
5.25 0.2875 0.002079
5.95 0.2875 0.00363825
6.65 0.2875 0.00363825
7.35 0.2875 0.00363825
8.05 0.2875 0.00363825
8.75 0.2875 0.00259875
9.45 0.2875 0.00155925
10.15 0.2875 0.00467775
10.85 0.2875 0.0010395
11.55 0.2875 0.00571726
12.25 0.2875 0.00363825
12.95 0.2875 0.00519751
13.65 0.2875 0.0031185
14.35 0.2875 0.002079
15.05 0.2875 0.00571726
15.75 0.2875 0.00571726
16.45 0.2875 0.00883576
17.15 0.2875 0.012474
17.85 0.2875 0.0608108
18.55 0.2875 0.640852
19.25 0.2875 0.391892
19.95 0.2875 0.0010395
20.65 0.2875 0
0.35 0.299167 0.00779626
1.05 0.299167 0.00363825
1.75 0.299167 0.0031185
2.45 0.299167 0.00467775
3.15 0.299167 0.0010395
3.85 0.299167 0.00467775
4.55 0.299167 0.00259875
5.25 0.299167 0.00155925
5.95 0.299167 0.00363825
6.65 0.299167 0.0031185
7.35 0.299167 0.00155925
8.05 0.299167 0.00467775
8.75 0.299167 0.00155925
9.45 0.299167 0.004158
10.15 0.299167 0.0031185
10.85 0.299167 0.000519751
11.55 0.299167 0.002079
12.25 0.299167 0.00259875
12.95 0.299167 0.00519751
13.65 0.299167 0.004158
14.35 0.299167 0.00363825
15.05 0.299167 0.004158
15.75 0.299167 0.00571726
16.45 0.299167 0.012474
17.15 0.299167 0.0213098
17.85 0.299167 0.12474
18.55 0.299167 0.778586
19.25 0.299167 0.274428
19.95 0.299167 0
20.65 0.299167 0
0.35 0.310833 0.00935551
1.05 0.310833 0.00363825
1.75 0.310833 0.004158
2.45 0.310833 0.00467775
3.15 0.310833 0.00623701
3.85 0.310833 0.004158
4.55 0.310833 0.00155925
5.25 0.310833 0.00259875
5.95 0.310833 0.0031185
6.65 0.310833 0.0031185
7.35 0.310833 0.00155925
8.05 0.310833 0.00155925
8.75 0.310833 0.0031185
9.45 0.310833 0.002079
10.15 0.310833 0.00363825
10.85 0.310833 0.00259875
11.55 0.310833 0.00675676
12.25 0.310833 0.00571726
12.95 0.310833 0.00363825
13.65 0.310833 0.00259875
14.35 0.310833 0.00467775
15.05 0.310833 0.00571726
15.75 0.310833 0.00623701
16.45 0.310833 0.012474
17.15 0.310833 0.022869
17.85 0.310833 0.247401
18.55 0.310833 0.836798
19.25 0.310833 0.0992723
19.95 0.310833 0
20.65 0.310833 0
0.35 0.3225 0.0109148
1.05 0.3225 0.00467775
1.75 0.3225 0.00259875
2.45 0.3225 0.00363825
3.15 0.3225 0.002079
3.85 0.3225 0.00363825
4.55 0.3225 0.004158
5.25 0.3225 0.00571726
5.95 0.3225 0.004158
6.65 0.3225 0.0031185
7.35 0.3225 0.00259875
8.05 0.3225 0.0031185
8.75 0.3225 0.0031185
9.45 0.3225 0.002079
10.15 0.3225 0.0031185
10.85 0.3225 0.00571726
11.55 0.3225 0.004158
12.25 0.3225 0.004158
12.95 0.3225 0.0031185
13.65 0.3225 0.00519751
14.35 0.3225 0.0010395
15.05 0.3225 0.00675676
15.75 0.3225 0.00727651
16.45 0.3225 0.00935551
17.15 0.3225 0.0306653
17.85 0.3225 0.414241
18.55 0.3225 0.762994
19.25 0.3225 0.00571726
19.95 0.3225 0.000519751
20.65 0.3225 0
0.35 0.334167 0.00987526
1.05 0.334167 0.00519751
1.75 0.334167 0.00727651
2.45 0.334167 0.004158
3.15 0.334167 0.00519751
3.85 0.334167 0.00363825
4.55 0.334167 0.004158
5.25 0.334167 0.002079
5.95 0.334167 0.00467775
6.65 0.334167 0.004158
7.35 0.334167 0.00259875
8.05 0.334167 0.00259875
8.75 0.334167 0.00363825
9.45 0.334167 0.00259875
10.15 0.334167 0.00259875
10.85 0.334167 0.00519751
11.55 0.334167 0.00259875
12.25 0.334167 0.002079
12.95 0.334167 0.004158
13.65 0.334167 0.00519751
14.35 0.334167 0.00519751
15.05 0.334167 0.00779626
15.75 0.334167 0.00831601
16.45 0.334167 0.016632
17.15 0.334167 0.0452183
17.85 0.334167 0.569647
18.55 0.334167 0.623181
19.25 0.334167 0.00259875
19.95 0.334167 0
20.65 0.334167 0
0.35 0.345833 0.00987526
1.05 0.345833 0.004158
1.75 0.345833 0.00363825
2.45 0.345833 0.00363825
3.15 0.345833 0.00363825
3.85 0.345833 0.00467775
4.55 0.345833 0.002079
5.25 0.345833 0.00259875
5.95 0.345833 0.00363825
6.65 0.345833 0.0031185
7.35 0.345833 0.0031185
8.05 0.345833 0.00155925
8.75 0.345833 0.00571726
9.45 0.345833 0.002079
10.15 0.345833 0.0031185
10.85 0.345833 0.00467775
11.55 0.345833 0.004158
12.25 0.345833 0.00623701
12.95 0.345833 0.002079
13.65 0.345833 0.002079
14.35 0.345833 0.00727651
15.05 0.345833 0.00571726
15.75 0.345833 0.0129938
16.45 0.345833 0.014553
17.15 0.345833 0.0893971
17.85 0.345833 0.724012
18.55 0.345833 0.448025
19.25 0.345833 0.0010395
19.95 0.345833 0
20.65 0.345833 0
0.35 0.3575 0.0140333
1.05 0.3575 0.00623701
1.75 0.3575 0.00467775
2.45 0.3575 0.0031185
3.15 0.3575 0.002079
3.85 0.3575 0.00363825
4.55 0.3575 0.00259875
5.25 0.3575 0.0031185
5.95 0.3575 0.00363825
6.65 0.3575 0.00155925
7.35 0.3575 0.00519751
8.05 0.3575 0.00623701
8.75 0.3575 0.00467775
9.45 0.3575 0.00155925
10.15 0.3575 0.0010395
10.85 0.3575 0.00155925
11.55 0.3575 0.00727651
12.25 0.3575 0.00363825
12.95 0.3575 0.00259875
13.65 0.3575 0.00363825
14.35 0.3575 0.00571726
15.05 0.3575 0.00519751
15.75 0.3575 0.00935551
16.45 0.3575 0.0181913
17.15 0.3575 0.186071
17.85 0.3575 0.894491
18.55 0.3575 0.284823
19.25 0.3575 0.00571726
19.95 0.3575 0
20.65 0.3575 0
0.35 0.369167 0.00727651
1.05 0.369167 0.00467775
1.75 0.369167 0.0031185
2.45 0.369167 0.00467775
3.15 0.369167 0.00363825
3.85 0.369167 0.00363825
4.55 0.369167 0.00155925
5.25 0.369167 0.00623701
5.95 0.369167 0.00363825
6.65 0.369167 0.00467775
7.35 0.369167 0.00259875
8.05 0.369167 0.00363825
8.75 0.369167 0.00675676
9.45 0.369167 0.002079
10.15 0.369167 0.00155925
10.85 0.369167 0.00467775
11.55 0.369167 0.00467775
12.25 0.369167 0.00623701
12.95 0.369167 0.00727651
13.65 0.369167 0.00363825
14.35 0.369167 0.00727651
15.05 0.369167 0.0114345
15.75 0.369167 0.012474
16.45 0.369167 0.029106
17.15 0.369167 0.335239
17.85 0.369167 0.902807
18.55 0.369167 0.0753638
19.25 0.369167 0.00467775
19.95 0.369167 0
20.65 0.369167 0
0.35 0.380833 0.0171518
1.05 0.380833 0.0114345
1.75 0.380833 0.00675676
2.45 0.380833 0.00259875
3.15 0.380833 0.00363825
3.85 0.380833 0.00363825
4.55 0.380833 0.00363825
5.25 0.380833 0.00467775
5.95 0.380833 0.0031185
6.65 0.380833 0.0031185
7.35 0.380833 0.00519751
8.05 0.380833 0.004158
8.75 0.380833 0.00467775
9.45 0.380833 0.00571726
10.15 0.380833 0.00467775
10.85 0.380833 0.00363825
11.55 0.380833 0.00623701
12.25 0.380833 0.004158
12.95 0.380833 0.00571726
13.65 0.380833 0.00467775
14.35 0.380833 0.00935551
15.05 0.380833 0.00831601
15.75 0.380833 0.014553
16.45 0.380833 0.0384615
17.15 0.380833 0.532225
17.85 0.380833 0.779626
18.55 0.380833 0.00467775
19.25 0.380833 0.002079
19.95 0.380833 0
20.65 0.380833 0
0.35 0.3925 0.016632
1.05 0.3925 0.00883576
1.75 0.3925 0.002079
2.45 0.3925 0.0031185
3.15 0.3925 0.00675676
3.85 0.3925 0.00623701
4.55 0.3925 0.004158
5.25 0.3925 0.00519751
5.95 0.3925 0.004158
6.65 0.3925 0.00727651
7.35 0.3925 0.00259875
8.05 0.3925 0.00363825
8.75 0.3925 0.00623701
9.45 0.3925 0.00571726
10.15 0.3925 0.004158
10.85 0.3925 0.0031185
11.55 0.3925 0.00467775
12.25 0.3925 0.00519751
12.95 0.3925 0.00571726
13.65 0.3925 0.00155925
14.35 0.3925 0.00623701
15.05 0.3925 0.0114345
15.75 0.3925 0.0223493
16.45 0.3925 0.0769231
17.15 0.3925 0.742723
17.85 0.3925 0.549896
18.55 0.3925 0.00779626
19.25 0.3925 0.00155925
19.95 0.3925 0
20.65 0.3925 0
0.35 0.404167 0.0135135
1.05 0.404167 0.00519751
1.75 0.404167 0.00571726
2.45 0.404167 0.00623701
3.15 0.404167 0.00571726
3.85 0.404167 0.00467775
4.55 0.404167 0.00259875
5.25 0.404167 0.002079
5.95 0.404167 0.00467775
6.65 0.404167 0.00363825
7.35 0.404167 0.0031185
8.05 0.404167 0.00155925
8.75 0.404167 0.00571726
9.45 0.404167 0.00675676
10.15 0.404167 0.002079
10.85 0.404167 0.00623701
11.55 0.404167 0.00519751
12.25 0.404167 0.00623701
12.95 0.404167 0.00519751
13.65 0.404167 0.00883576
14.35 0.404167 0.00779626
15.05 0.404167 0.012474
15.75 0.404167 0.0265073
16.45 0.404167 0.162682
17.15 0.404167 0.909563
17.85 0.404167 0.364345
18.55 0.404167 0.004158
19.25 0.404167 0
19.95 0.404167 0.000519751
20.65 0.404167 0
0.35 0.415833 0.014553
1.05 0.415833 0.00727651
1.75 0.415833 0.00519751
2.45 0.415833 0.004158
3.15 0.415833 0.00675676
3.85 0.415833 0.00519751
4.55 0.415833 0.00467775
5.25 0.415833 0.0031185
5.95 0.415833 0.00519751
6.65 0.415833 0.00519751
7.35 0.415833 0.00363825
8.05 0.415833 0.004158
8.75 0.415833 0.00363825
9.45 0.415833 0.002079
10.15 0.415833 0.002079
10.85 0.415833 0.00259875
11.55 0.415833 0.00467775
12.25 0.415833 0.00675676
12.95 0.415833 0.004158
13.65 0.415833 0.00519751
14.35 0.415833 0.00883576
15.05 0.415833 0.0140333
15.75 0.415833 0.0265073
16.45 0.415833 0.367983
17.15 0.415833 0.945426
17.85 0.415833 0.113306
18.55 0.415833 0.0031185
19.25 0.415833 0
19.95 0.415833 0
20.65 0.415833 0
0.35 0.4275 0.014553
1.05 0.4275 0.00623701
1.75 0.4275 0.004158
2.45 0.4275 0.00519751
3.15 0.4275 0.00259875
3.85 0.4275 0.00519751
4.55 0.4275 0.00675676
5.25 0.4275 0.00519751
5.95 0.4275 0.00259875
6.65 0.4275 0.00467775
7.35 0.4275 0.0031185
8.05 0.4275 0.00155925
8.75 0.4275 0.00675676
9.45 0.4275 0.00675676
10.15 0.4275 0.00259875
10.85 0.4275 0.00727651
11.55 0.4275 0.00467775
12.25 0.4275 0.00883576
12.95 0.4275 0.00259875
13.65 0.4275 0.00623701
14.35 0.4275 0.00571726
15.05 0.4275 0.014553
15.75 0.4275 0.0519751
16.45 0.4275 0.577443
17.15 0.4275 0.83368
17.85 0.4275 0.00571726
18.55 0.4275 0.002079
19.25 0.4275 0
19.95 0.4275 0
20.65 0.4275 0
0.35 0.439167 0.0150728
1.05 0.439167 0.00571726
1.75 0.439167 0.002079
2.45 0.439167 0.00519751
3.15 0.439167 0.00467775
3.85 0.439167 0.00467775
4.55 0.439167 0.004158
5.25 0.439167 0.00259875
5.95 0.439167 0.00259875
6.65 0.439167 0.00519751
7.35 0.439167 0.00363825
8.05 0.439167 0.00467775
8.75 0.439167 0.00675676
9.45 0.439167 0.0031185
10.15 0.439167 0.004158
10.85 0.439167 0.00675676
11.55 0.439167 0.00623701
12.25 0.439167 0.00623701
12.95 0.439167 0.00623701
13.65 0.439167 0.00831601
14.35 0.439167 0.00675676
15.05 0.439167 0.0202703
15.75 0.439167 0.0873181
16.45 0.439167 0.788981
17.15 0.439167 0.648649
17.85 0.439167 0.00727651
18.55 0.439167 0.00155925
19.25 0.439167 0
19.95 0.439167 0
20.65 0.439167 0
0.35 0.450833 0.0140333
1.05 0.450833 0.00571726
1.75 0.450833 0.00675676
2.45 0.450833 0.00727651
3.15 0.450833 0.004158
3.85 0.450833 0.004158
4.55 0.450833 0.00467775
5.25 0.450833 0.00363825
5.95 0.450833 0.00519751
6.65 0.450833 0.00363825
7.35 0.450833 0.00623701
8.05 0.450833 0.00571726
8.75 0.450833 0.00259875
9.45 0.450833 0.004158
10.15 0.450833 0.0031185
10.85 0.450833 0.00727651
11.55 0.450833 0.004158
12.25 0.450833 0.00519751
12.95 0.450833 0.00623701
13.65 0.450833 0.0119543
14.35 0.450833 0.0109148
15.05 0.450833 0.029106
15.75 0.450833 0.198545
16.45 0.450833 0.952183
17.15 0.450833 0.366424
17.85 0.450833 0.00571726
18.55 0.450833 0.00155925
19.25 0.450833 0
19.95 0.450833 0
20.65 0.450833 0
0.35 0.4625 0.0171518
1.05 0.4625 0.00883576
1.75 0.4625 0.00675676
2.45 0.4625 0.00519751
3.15 0.4625 0.004158
3.85 0.4625 0.00675676
4.55 0.4625 0.00519751
5.25 0.4625 0.00623701
5.95 0.4625 0.00363825
6.65 0.4625 0.00363825
7.35 0.4625 0.002079
8.05 0.4625 0.00467775
8.75 0.4625 0.00675676
9.45 0.4625 0.00363825
10.15 0.4625 0.00519751
10.85 0.4625 0.004158
11.55 0.4625 0.00519751
12.25 0.4625 0.00675676
12.95 0.4625 0.00571726
13.65 0.4625 0.00727651
14.35 0.4625 0.0119543
15.05 0.4625 0.0384615
15.75 0.4625 0.405405
16.45 0.4625 1
17.15 0.4625 0.0914761
17.85 0.4625 0.00155925
18.55 0.4625 0.000519751
19.25 0.4625 0.000519751
19.95 0.4625 0
20.65 0.4625 0
0.35 0.474167 0.0155925
1.05 0.474167 0.0114345
1.75 0.474167 0.00831601
2.45 0.474167 0.004158
3.15 0.474167 0.00519751
3.85 0.474167 0.00831601
4.55 0.474167 0.00363825
5.25 0.474167 0.00363825
5.95 0.474167 0.004158
6.65 0.474167 0.00363825
7.35 0.474167 0.00623701
8.05 0.474167 0.00831601
8.75 0.474167 0.00363825
9.45 0.474167 0.004158
10.15 0.474167 0.00519751
10.85 0.474167 0.004158
11.55 0.474167 0.00623701
12.25 0.474167 0.00727651
12.95 0.474167 0.00363825
13.65 0.474167 0.0119543
14.35 0.474167 0.018711
15.05 0.474167 0.0509356
15.75 0.474167 0.681393
16.45 0.474167 0.843035
17.15 0.474167 0.0031185
17.85 0.474167 0.00363825
18.55 0.474167 0.0010395
19.25 0.474167 0
19.95 0.474167 0
20.65 0.474167 0
0.35 0.485833 0.022869
1.05 0.485833 0.00779626
1.75 0.485833 0.004158
2.45 0.485833 0.00623701
3.15 0.485833 0.00519751
3.85 0.485833 0.00259875
4.55 0.485833 0.00467775
5.25 0.485833 0.00467775
5.95 0.485833 0.00571726
6.65 0.485833 0.00779626
7.35 0.485833 0.00519751
8.05 0.485833 0.00571726
8.75 0.485833 0.00571726
9.45 0.485833 0.00883576
10.15 0.485833 0.00623701
10.85 0.485833 0.00571726
11.55 0.485833 0.00727651
12.25 0.485833 0.002079
12.95 0.485833 0.00727651
13.65 0.485833 0.00883576
14.35 0.485833 0.022869
15.05 0.485833 0.137214
15.75 0.485833 0.825884
16.45 0.485833 0.527027
17.15 0.485833 0.00259875
17.85 0.485833 0.002079
18.55 0.485833 0.0010395
19.25 0.485833 0
19.95 0.485833 0
20.65 0.485833 0
0.35 0.4975 0.0171518
1.05 0.4975 0.00935551
1.75 0.4975 0.00571726
2.45 0.4975 0.00675676
3.15 0.4975 0.00467775
3.85 0.4975 0.00259875
4.55 0.4975 0.004158
5.25 0.4975 0.00675676
5.95 0.4975 0.002079
6.65 0.4975 0.00363825
7.35 0.4975 0.00467775
8.05 0.4975 0.00623701
8.75 0.4975 0.00467775
9.45 0.4975 0.00727651
10.15 0.4975 0.002079
10.85 0.4975 0.00363825
11.55 0.4975 0.00571726
12.25 0.4975 0.00831601
12.95 0.4975 0.0119543
13.65 0.4975 0.0161123
14.35 0.4975 0.031185
15.05 0.4975 0.29158
15.75 0.4975 0.983888
16.45 0.4975 0.258316
17.15 0.4975 0.004158
17.85 0.4975 0.0031185
18.55 0.4975 0
19.25 0.4975 0
19.95 0.4975 0
20.65 0.4975 0
0.35 0.509167 0.0135135
1.05 0.509167 0.00675676
1.75 0.509167 0.010395
2.45 0.509167 0.004158
3.15 0.509167 0.00623701
3.85 0.509167 0.00519751
4.55 0.509167 0.00467775
5.25 0.509167 0.00727651
5.95 0.509167 0.004158
6.65 0.509167 0.0010395
7.35 0.509167 0.00831601
8.05 0.509167 0.00363825
8.75 0.509167 0.00519751
9.45 0.509167 0.00519751
10.15 0.509167 0.00571726
10.85 0.509167 0.00571726
11.55 0.509167 0.00675676
12.25 0.509167 0.00779626
12.95 0.509167 0.0129938
13.65 0.509167 0.014553
14.35 0.509167 0.0571726
15.05 0.509167 0.559252
15.75 0.509167 0.956341
16.45 0.509167 0.0171518
17.15 0.509167 0.0031185
17.85 0.509167 0.00259875
18.55 0.509167 0
19.25 0.509167 0
19.95 0.509167 0
20.65 0.509167 0
