30 30 0.7 0.0116667
0.35 0.170833 0
1.05 0.170833 0
1.75 0.170833 0
2.45 0.170833 0
3.15 0.170833 0
3.85 0.170833 0
4.55 0.170833 0
5.25 0.170833 0
5.95 0.170833 0
6.65 0.170833 0
7.35 0.170833 0
8.05 0.170833 0
8.75 0.170833 0
9.45 0.170833 0
10.15 0.170833 0
10.85 0.170833 0
11.55 0.170833 0
12.25 0.170833 0
12.95 0.170833 0
13.65 0.170833 0
14.35 0.170833 0
15.05 0.170833 0
15.75 0.170833 0
16.45 0.170833 0
17.15 0.170833 0
17.85 0.170833 0
18.55 0.170833 0
19.25 0.170833 0.175282
19.95 0.170833 0.5264
20.65 0.170833 0
0.35 0.1825 0
1.05 0.1825 0
1.75 0.1825 0
2.45 0.1825 0
3.15 0.1825 0
3.85 0.1825 0
4.55 0.1825 0
5.25 0.1825 0
5.95 0.1825 0
6.65 0.1825 0
7.35 0.1825 0
8.05 0.1825 0
8.75 0.1825 0
9.45 0.1825 0
10.15 0.1825 0
10.85 0.1825 0
11.55 0.1825 0
12.25 0.1825 0
12.95 0.1825 0
13.65 0.1825 0
14.35 0.1825 0
15.05 0.1825 0
15.75 0.1825 0
16.45 0.1825 0
17.15 0.1825 0
17.85 0.1825 0
18.55 0.1825 0
19.25 0.1825 0.244023
19.95 0.1825 0.491311
20.65 0.1825 0
0.35 0.194167 0
1.05 0.194167 0
1.75 0.194167 0
2.45 0.194167 0
3.15 0.194167 0
3.85 0.194167 0
4.55 0.194167 0
5.25 0.194167 0
5.95 0.194167 0
6.65 0.194167 0
7.35 0.194167 0
8.05 0.194167 0
8.75 0.194167 0
9.45 0.194167 0
10.15 0.194167 0
10.85 0.194167 0
11.55 0.194167 0
12.25 0.194167 0
12.95 0.194167 0
13.65 0.194167 0
14.35 0.194167 0
15.05 0.194167 0
15.75 0.194167 0
16.45 0.194167 0
17.15 0.194167 0
17.85 0.194167 0
18.55 0.194167 0.0234116
19.25 0.194167 0.320124
19.95 0.194167 0.440779
20.65 0.194167 0
0.35 0.205833 0
1.05 0.205833 0
1.75 0.205833 0
2.45 0.205833 0
3.15 0.205833 0
3.85 0.205833 0
4.55 0.205833 0
5.25 0.205833 0
5.95 0.205833 0
6.65 0.205833 0
7.35 0.205833 0
8.05 0.205833 0
8.75 0.205833 0
9.45 0.205833 0
10.15 0.205833 0
10.85 0.205833 0
11.55 0.205833 0
12.25 0.205833 0
12.95 0.205833 0
13.65 0.205833 0
14.35 0.205833 0
15.05 0.205833 0
15.75 0.205833 0
16.45 0.205833 0
17.15 0.205833 0
17.85 0.205833 0
18.55 0.205833 0.032267
19.25 0.205833 0.416205
19.95 0.205833 0.38665
20.65 0.205833 0
0.35 0.2175 0
1.05 0.2175 0
1.75 0.2175 0
2.45 0.2175 0
3.15 0.2175 0
3.85 0.2175 0
4.55 0.2175 0
5.25 0.2175 0
5.95 0.2175 0
6.65 0.2175 0
7.35 0.2175 0
8.05 0.2175 0
8.75 0.2175 0
9.45 0.2175 0
10.15 0.2175 0
10.85 0.2175 0
11.55 0.2175 0
12.25 0.2175 0
12.95 0.2175 0
13.65 0.2175 0
14.35 0.2175 0
15.05 0.2175 0
15.75 0.2175 0
16.45 0.2175 0
17.15 0.2175 0
17.85 0.2175 0
18.55 0.2175 0.0452181
19.25 0.2175 0.516272
19.95 0.2175 0.309608
20.65 0.2175 0
0.35 0.229167 0
1.05 0.229167 0
1.75 0.229167 0
2.45 0.229167 0
3.15 0.229167 0
3.85 0.229167 0
4.55 0.229167 0
5.25 0.229167 0
5.95 0.229167 0
6.65 0.229167 0
7.35 0.229167 0
8.05 0.229167 0
8.75 0.229167 0
9.45 0.229167 0
10.15 0.229167 0
10.85 0.229167 0
11.55 0.229167 0
12.25 0.229167 0
12.95 0.229167 0
13.65 0.229167 0
14.35 0.229167 0
15.05 0.229167 0
15.75 0.229167 0
16.45 0.229167 0
17.15 0.229167 0
17.85 0.229167 0
18.55 0.229167 0.0795329
19.25 0.229167 0.611578
19.95 0.229167 0.229688
20.65 0.229167 0
0.35 0.240833 0
1.05 0.240833 0
1.75 0.240833 0
2.45 0.240833 0
3.15 0.240833 0
3.85 0.240833 0
4.55 0.240833 0
5.25 0.240833 0
5.95 0.240833 0
6.65 0.240833 0
7.35 0.240833 0
8.05 0.240833 0
8.75 0.240833 0
9.45 0.240833 0
10.15 0.240833 0
10.85 0.240833 0
11.55 0.240833 0
12.25 0.240833 0
12.95 0.240833 0
13.65 0.240833 0
14.35 0.240833 0
15.05 0.240833 0
15.75 0.240833 0
16.45 0.240833 0
17.15 0.240833 0
17.85 0.240833 0
18.55 0.240833 0.143458
19.25 0.240833 0.671961
19.95 0.240833 0.138366
20.65 0.240833 0
0.35 0.2525 0
1.05 0.2525 0
1.75 0.2525 0
2.45 0.2525 0
3.15 0.2525 0
3.85 0.2525 0
4.55 0.2525 0
5.25 0.2525 0
5.95 0.2525 0
6.65 0.2525 0
7.35 0.2525 0
8.05 0.2525 0
8.75 0.2525 0
9.45 0.2525 0
10.15 0.2525 0
10.85 0.2525 0
11.55 0.2525 0
12.25 0.2525 0
12.95 0.2525 0
13.65 0.2525 0
14.35 0.2525 0
15.05 0.2525 0
15.75 0.2525 0
16.45 0.2525 0
17.15 0.2525 0
17.85 0.2525 0.0211977
18.55 0.2525 0.236828
19.25 0.2525 0.702291
19.95 0.2525 0.0275072
20.65 0.2525 0
0.35 0.264167 0
1.05 0.264167 0
1.75 0.264167 0
2.45 0.264167 0
3.15 0.264167 0
3.85 0.264167 0
4.55 0.264167 0
5.25 0.264167 0
5.95 0.264167 0
6.65 0.264167 0
7.35 0.264167 0
8.05 0.264167 0
8.75 0.264167 0
9.45 0.264167 0
10.15 0.264167 0
10.85 0.264167 0
11.55 0.264167 0
12.25 0.264167 0
12.95 0.264167 0
13.65 0.264167 0
14.35 0.264167 0
15.05 0.264167 0
15.75 0.264167 0
16.45 0.264167 0
17.15 0.264167 0
17.85 0.264167 0.029389
18.55 0.264167 0.372205
19.25 0.264167 0.638588
19.95 0.264167 0
20.65 0.264167 0
0.35 0.275833 0
1.05 0.275833 0
1.75 0.275833 0
2.45 0.275833 0
3.15 0.275833 0
3.85 0.275833 0
4.55 0.275833 0
5.25 0.275833 0
5.95 0.275833 0
6.65 0.275833 0
7.35 0.275833 0
8.05 0.275833 0
8.75 0.275833 0
9.45 0.275833 0
10.15 0.275833 0
10.85 0.275833 0
11.55 0.275833 0
12.25 0.275833 0
12.95 0.275833 0
13.65 0.275833 0
14.35 0.275833 0
15.05 0.275833 0
15.75 0.275833 0
16.45 0.275833 0
17.15 0.275833 0
17.85 0.275833 0.03913
18.55 0.275833 0.497786
19.25 0.275833 0.537027
19.95 0.275833 0
20.65 0.275833 0
0.35 0.2875 0
1.05 0.2875 0
1.75 0.2875 0
2.45 0.2875 0
3.15 0.2875 0
3.85 0.2875 0
4.55 0.2875 0
5.25 0.2875 0
5.95 0.2875 0
6.65 0.2875 0
7.35 0.2875 0
8.05 0.2875 0
8.75 0.2875 0
9.45 0.2875 0
10.15 0.2875 0
10.85 0.2875 0
11.55 0.2875 0
12.25 0.2875 0
12.95 0.2875 0
13.65 0.2875 0
14.35 0.2875 0
15.05 0.2875 0
15.75 0.2875 0
16.45 0.2875 0
17.15 0.2875 0
17.85 0.2875 0.0635931
18.55 0.2875 0.629677
19.25 0.2875 0.396391
19.95 0.2875 0
20.65 0.2875 0
0.35 0.299167 0
1.05 0.299167 0
1.75 0.299167 0
2.45 0.299167 0
3.15 0.299167 0
3.85 0.299167 0
4.55 0.299167 0
5.25 0.299167 0
5.95 0.299167 0
6.65 0.299167 0
7.35 0.299167 0
8.05 0.299167 0
8.75 0.299167 0
9.45 0.299167 0
10.15 0.299167 0
10.85 0.299167 0
11.55 0.299167 0
12.25 0.299167 0
12.95 0.299167 0
13.65 0.299167 0
14.35 0.299167 0
15.05 0.299167 0
15.75 0.299167 0
16.45 0.299167 0
17.15 0.299167 0
17.85 0.299167 0.119604
18.55 0.299167 0.73323
19.25 0.299167 0.267323
19.95 0.299167 0
20.65 0.299167 0
0.35 0.310833 0
1.05 0.310833 0
1.75 0.310833 0
2.45 0.310833 0
3.15 0.310833 0
3.85 0.310833 0
4.55 0.310833 0
5.25 0.310833 0
5.95 0.310833 0
6.65 0.310833 0
7.35 0.310833 0
8.05 0.310833 0
8.75 0.310833 0
9.45 0.310833 0
10.15 0.310833 0
10.85 0.310833 0
11.55 0.310833 0
12.25 0.310833 0
12.95 0.310833 0
13.65 0.310833 0
14.35 0.310833 0
15.05 0.310833 0
15.75 0.310833 0
16.45 0.310833 0
17.15 0.310833 0.0247952
17.85 0.310833 0.232234
18.55 0.310833 0.825991
19.25 0.310833 0.114456
19.95 0.310833 0
20.65 0.310833 0
0.35 0.3225 0
1.05 0.3225 0
1.75 0.3225 0
2.45 0.3225 0
3.15 0.3225 0
3.85 0.3225 0
4.55 0.3225 0
5.25 0.3225 0
5.95 0.3225 0
6.65 0.3225 0
7.35 0.3225 0
8.05 0.3225 0
8.75 0.3225 0
9.45 0.3225 0
10.15 0.3225 0
10.85 0.3225 0
11.55 0.3225 0
12.25 0.3225 0
12.95 0.3225 0
13.65 0.3225 0
14.35 0.3225 0
15.05 0.3225 0
15.75 0.3225 0
16.45 0.3225 0
17.15 0.3225 0.0308833
17.85 0.3225 0.396336
18.55 0.3225 0.790403
19.25 0.3225 0
19.95 0.3225 0
20.65 0.3225 0
0.35 0.334167 0
1.05 0.334167 0
1.75 0.334167 0
2.45 0.334167 0
3.15 0.334167 0
3.85 0.334167 0
4.55 0.334167 0
5.25 0.334167 0
5.95 0.334167 0
6.65 0.334167 0
7.35 0.334167 0
8.05 0.334167 0
8.75 0.334167 0
9.45 0.334167 0
10.15 0.334167 0
10.85 0.334167 0
11.55 0.334167 0
12.25 0.334167 0
12.95 0.334167 0
13.65 0.334167 0
14.35 0.334167 0
15.05 0.334167 0
15.75 0.334167 0
16.45 0.334167 0
17.15 0.334167 0.0497011
17.85 0.334167 0.552081
18.55 0.334167 0.636761
19.25 0.334167 0
19.95 0.334167 0
20.65 0.334167 0
0.35 0.345833 0
1.05 0.345833 0
1.75 0.345833 0
2.45 0.345833 0
3.15 0.345833 0
3.85 0.345833 0
4.55 0.345833 0
5.25 0.345833 0
5.95 0.345833 0
6.65 0.345833 0
7.35 0.345833 0
8.05 0.345833 0
8.75 0.345833 0
9.45 0.345833 0
10.15 0.345833 0
10.85 0.345833 0
11.55 0.345833 0
12.25 0.345833 0
12.95 0.345833 0
13.65 0.345833 0
14.35 0.345833 0
15.05 0.345833 0
15.75 0.345833 0
16.45 0.345833 0
17.15 0.345833 0.085621
17.85 0.345833 0.717733
18.55 0.345833 0.469117
19.25 0.345833 0
19.95 0.345833 0
20.65 0.345833 0
0.35 0.3575 0
1.05 0.3575 0
1.75 0.3575 0
2.45 0.3575 0
3.15 0.3575 0
3.85 0.3575 0
4.55 0.3575 0
5.25 0.3575 0
5.95 0.3575 0
6.65 0.3575 0
7.35 0.3575 0
8.05 0.3575 0
8.75 0.3575 0
9.45 0.3575 0
10.15 0.3575 0
10.85 0.3575 0
11.55 0.3575 0
12.25 0.3575 0
12.95 0.3575 0
13.65 0.3575 0
14.35 0.3575 0
15.05 0.3575 0
15.75 0.3575 0
16.45 0.3575 0.0232455
17.15 0.3575 0.173567
17.85 0.3575 0.832522
18.55 0.3575 0.273024
19.25 0.3575 0
19.95 0.3575 0
20.65 0.3575 0
0.35 0.369167 0
1.05 0.369167 0
1.75 0.369167 0
2.45 0.369167 0
3.15 0.369167 0
3.85 0.369167 0
4.55 0.369167 0
5.25 0.369167 0
5.95 0.369167 0
6.65 0.369167 0
7.35 0.369167 0
8.05 0.369167 0
8.75 0.369167 0
9.45 0.369167 0
10.15 0.369167 0
10.85 0.369167 0
11.55 0.369167 0
12.25 0.369167 0
12.95 0.369167 0
13.65 0.369167 0
14.35 0.369167 0
15.05 0.369167 0
15.75 0.369167 0
16.45 0.369167 0.0312154
17.15 0.369167 0.326821
17.85 0.369167 0.900266
18.55 0.369167 0.0768209
19.25 0.369167 0
19.95 0.369167 0
20.65 0.369167 0
0.35 0.380833 0
1.05 0.380833 0
1.75 0.380833 0
2.45 0.380833 0
3.15 0.380833 0
3.85 0.380833 0
4.55 0.380833 0
5.25 0.380833 0
5.95 0.380833 0
6.65 0.380833 0
7.35 0.380833 0
8.05 0.380833 0
8.75 0.380833 0
9.45 0.380833 0
10.15 0.380833 0
10.85 0.380833 0
11.55 0.380833 0
12.25 0.380833 0
12.95 0.380833 0
13.65 0.380833 0
14.35 0.380833 0
15.05 0.380833 0
15.75 0.380833 0
16.45 0.380833 0.042008
17.15 0.380833 0.516715
17.85 0.380833 0.795605
18.55 0.380833 0
19.25 0.380833 0
19.95 0.380833 0
20.65 0.380833 0
0.35 0.3925 0
1.05 0.3925 0
1.75 0.3925 0
2.45 0.3925 0
3.15 0.3925 0
3.85 0.3925 0
4.55 0.3925 0
5.25 0.3925 0
5.95 0.3925 0
6.65 0.3925 0
7.35 0.3925 0
8.05 0.3925 0
8.75 0.3925 0
9.45 0.3925 0
10.15 0.3925 0
10.85 0.3925 0
11.55 0.3925 0
12.25 0.3925 0
12.95 0.3925 0
13.65 0.3925 0
14.35 0.3925 0
15.05 0.3925 0
15.75 0.3925 0
16.45 0.3925 0.0739429
17.15 0.3925 0.717954
17.85 0.3925 0.592816
18.55 0.3925 0
19.25 0.3925 0
19.95 0.3925 0
20.65 0.3925 0
0.35 0.404167 0
1.05 0.404167 0
1.75 0.404167 0
2.45 0.404167 0
3.15 0.404167 0
3.85 0.404167 0
4.55 0.404167 0
5.25 0.404167 0
5.95 0.404167 0
6.65 0.404167 0
7.35 0.404167 0
8.05 0.404167 0
8.75 0.404167 0
9.45 0.404167 0
10.15 0.404167 0
10.85 0.404167 0
11.55 0.404167 0
12.25 0.404167 0
12.95 0.404167 0
13.65 0.404167 0
14.35 0.404167 0
15.05 0.404167 0
15.75 0.404167 0.0239097
16.45 0.404167 0.169803
17.15 0.404167 0.863239
17.85 0.404167 0.356874
18.55 0.404167 0
19.25 0.404167 0
19.95 0.404167 0
20.65 0.404167 0
0.35 0.415833 0
1.05 0.415833 0
1.75 0.415833 0
2.45 0.415833 0
3.15 0.415833 0
3.85 0.415833 0
4.55 0.415833 0
5.25 0.415833 0
5.95 0.415833 0
6.65 0.415833 0
7.35 0.415833 0
8.05 0.415833 0
8.75 0.415833 0
9.45 0.415833 0
10.15 0.415833 0
10.85 0.415833 0
11.55 0.415833 0
12.25 0.415833 0
12.95 0.415833 0
13.65 0.415833 0
14.35 0.415833 0
15.05 0.415833 0
15.75 0.415833 0.0313261
16.45 0.415833 0.334514
17.15 0.415833 0.969836
17.85 0.415833 0.118829
18.55 0.415833 0
19.25 0.415833 0
19.95 0.415833 0
20.65 0.415833 0
0.35 0.4275 0
1.05 0.4275 0
1.75 0.4275 0
2.45 0.4275 0
3.15 0.4275 0
3.85 0.4275 0
4.55 0.4275 0
5.25 0.4275 0
5.95 0.4275 0
6.65 0.4275 0
7.35 0.4275 0
8.05 0.4275 0
8.75 0.4275 0
9.45 0.4275 0
10.15 0.4275 0
10.85 0.4275 0
11.55 0.4275 0
12.25 0.4275 0
12.95 0.4275 0
13.65 0.4275 0
14.35 0.4275 0
15.05 0.4275 0
15.75 0.4275 0.0457162
16.45 0.4275 0.550697
17.15 0.4275 0.857317
17.85 0.4275 0
18.55 0.4275 0
19.25 0.4275 0
19.95 0.4275 0
20.65 0.4275 0
0.35 0.439167 0
1.05 0.439167 0
1.75 0.439167 0
2.45 0.439167 0
3.15 0.439167 0
3.85 0.439167 0
4.55 0.439167 0
5.25 0.439167 0
5.95 0.439167 0
6.65 0.439167 0
7.35 0.439167 0
8.05 0.439167 0
8.75 0.439167 0
9.45 0.439167 0
10.15 0.439167 0
10.85 0.439167 0
11.55 0.439167 0
12.25 0.439167 0
12.95 0.439167 0
13.65 0.439167 0
14.35 0.439167 0
15.05 0.439167 0
15.75 0.439167 0.0868386
16.45 0.439167 0.769869
17.15 0.439167 0.616006
17.85 0.439167 0
18.55 0.439167 0
19.25 0.439167 0
19.95 0.439167 0
20.65 0.439167 0
0.35 0.450833 0
1.05 0.450833 0
1.75 0.450833 0
2.45 0.450833 0
3.15 0.450833 0
3.85 0.450833 0
4.55 0.450833 0
5.25 0.450833 0
5.95 0.450833 0
6.65 0.450833 0
7.35 0.450833 0
8.05 0.450833 0
8.75 0.450833 0
9.45 0.450833 0
10.15 0.450833 0
10.85 0.450833 0
11.55 0.450833 0
12.25 0.450833 0
12.95 0.450833 0
13.65 0.450833 0
14.35 0.450833 0
15.05 0.450833 0.025404
15.75 0.450833 0.198638
16.45 0.450833 0.911501
17.15 0.450833 0.35538
17.85 0.450833 0
18.55 0.450833 0
19.25 0.450833 0
19.95 0.450833 0
20.65 0.450833 0
0.35 0.4625 0
1.05 0.4625 0
1.75 0.4625 0
2.45 0.4625 0
3.15 0.4625 0
3.85 0.4625 0
4.55 0.4625 0
5.25 0.4625 0
5.95 0.4625 0
6.65 0.4625 0
7.35 0.4625 0
8.05 0.4625 0
8.75 0.4625 0
9.45 0.4625 0
10.15 0.4625 0
10.85 0.4625 0
11.55 0.4625 0
12.25 0.4625 0
12.95 0.4625 0
13.65 0.4625 0
14.35 0.4625 0
15.05 0.4625 0.0343148
15.75 0.4625 0.398329
16.45 0.4625 0.995628
17.15 0.4625 0.0880009
17.85 0.4625 0
18.55 0.4625 0
19.25 0.4625 0
19.95 0.4625 0
20.65 0.4625 0
0.35 0.474167 0
1.05 0.474167 0
1.75 0.474167 0
2.45 0.474167 0
3.15 0.474167 0
3.85 0.474167 0
4.55 0.474167 0
5.25 0.474167 0
5.95 0.474167 0
6.65 0.474167 0
7.35 0.474167 0
8.05 0.474167 0
8.75 0.474167 0
9.45 0.474167 0
10.15 0.474167 0
10.85 0.474167 0
11.55 0.474167 0
12.25 0.474167 0
12.95 0.474167 0
13.65 0.474167 0
14.35 0.474167 0
15.05 0.474167 0.0594975
15.75 0.474167 0.629566
16.45 0.474167 0.823389
17.15 0.474167 0
17.85 0.474167 0
18.55 0.474167 0
19.25 0.474167 0
19.95 0.474167 0
20.65 0.474167 0
0.35 0.485833 0
1.05 0.485833 0
1.75 0.485833 0
2.45 0.485833 0
3.15 0.485833 0
3.85 0.485833 0
4.55 0.485833 0
5.25 0.485833 0
5.95 0.485833 0
6.65 0.485833 0
7.35 0.485833 0
8.05 0.485833 0
8.75 0.485833 0
9.45 0.485833 0
10.15 0.485833 0
10.85 0.485833 0
11.55 0.485833 0
12.25 0.485833 0
12.95 0.485833 0
13.65 0.485833 0
14.35 0.485833 0.0204782
15.05 0.485833 0.123589
15.75 0.485833 0.854383
16.45 0.485833 0.565696
17.15 0.485833 0
17.85 0.485833 0
18.55 0.485833 0
19.25 0.485833 0
19.95 0.485833 0
20.65 0.485833 0
0.35 0.4975 0
1.05 0.4975 0
1.75 0.4975 0
2.45 0.4975 0
3.15 0.4975 0
3.85 0.4975 0
4.55 0.4975 0
5.25 0.4975 0
5.95 0.4975 0
6.65 0.4975 0
7.35 0.4975 0
8.05 0.4975 0
8.75 0.4975 0
9.45 0.4975 0
10.15 0.4975 0
10.85 0.4975 0
11.55 0.4975 0
12.25 0.4975 0
12.95 0.4975 0
13.65 0.4975 0
14.35 0.4975 0.0303852
15.05 0.4975 0.291178
15.75 0.4975 0.995019
16.45 0.4975 0.259188
17.15 0.4975 0
17.85 0.4975 0
18.55 0.4975 0
19.25 0.4975 0
19.95 0.4975 0
20.65 0.4975 0
0.35 0.509167 0
1.05 0.509167 0
1.75 0.509167 0
2.45 0.509167 0
3.15 0.509167 0
3.85 0.509167 0
4.55 0.509167 0
5.25 0.509167 0
5.95 0.509167 0
6.65 0.509167 0
7.35 0.509167 0
8.05 0.509167 0
8.75 0.509167 0
9.45 0.509167 0
10.15 0.509167 0
10.85 0.509167 0
11.55 0.509167 0
12.25 0.509167 0
12.95 0.509167 0
13.65 0.509167 0
14.35 0.509167 0.0444432
15.05 0.509167 0.529721
15.75 0.509167 1
16.45 0.509167 0.0233009
17.15 0.509167 0
17.85 0.509167 0
18.55 0.509167 0
19.25 0.509167 0
19.95 0.509167 0
20.65 0.509167 0
