30 30 0.7 0.0116667
0.35 0.170833 0
1.05 0.170833 0
1.75 0.170833 0
2.45 0.170833 0
3.15 0.170833 0
3.85 0.170833 0
4.55 0.170833 0
5.25 0.170833 0
5.95 0.170833 0
6.65 0.170833 0
7.35 0.170833 0
8.05 0.170833 0
8.75 0.170833 0
9.45 0.170833 0
10.15 0.170833 0.0027259
10.85 0.170833 0.00353357
11.55 0.170833 0.00373549
12.25 0.170833 0.00323069
12.95 0.170833 0.00312973
13.65 0.170833 0.00514891
14.35 0.170833 0.00696618
15.05 0.170833 0.00969207
15.75 0.170833 0.0113074
16.45 0.170833 0.0142352
17.15 0.170833 0.0182736
17.85 0.170833 0.0342251
18.55 0.170833 0.164967
19.25 0.170833 0.256234
19.95 0.170833 0.231701
20.65 0.170833 0.00343261
0.35 0.1825 0
1.05 0.1825 0
1.75 0.1825 0
2.45 0.1825 0
3.15 0.1825 0
3.85 0.1825 0
4.55 0.1825 0
5.25 0.1825 0
5.95 0.1825 0
6.65 0.1825 0
7.35 0.1825 0
8.05 0.1825 0
8.75 0.1825 0
9.45 0.1825 0
10.15 0.1825 0.00262494
10.85 0.1825 0.00434124
11.55 0.1825 0.00424028
12.25 0.1825 0.00434124
12.95 0.1825 0.00474508
13.65 0.1825 0.00353357
14.35 0.1825 0.00504796
15.05 0.1825 0.00868248
15.75 0.1825 0.0115093
16.45 0.1825 0.0122161
17.15 0.1825 0.0219081
17.85 0.1825 0.0429076
18.55 0.1825 0.182635
19.25 0.1825 0.246542
19.95 0.1825 0.216557
20.65 0.1825 0.000100959
0.35 0.194167 0
1.05 0.194167 0
1.75 0.194167 0
2.45 0.194167 0
3.15 0.194167 0
3.85 0.194167 0
4.55 0.194167 0
5.25 0.194167 0
5.95 0.194167 0
6.65 0.194167 0
7.35 0.194167 0
8.05 0.194167 0
8.75 0.194167 0
9.45 0.194167 0
10.15 0.194167 0.00464412
10.85 0.194167 0.00292781
11.55 0.194167 0.00343261
12.25 0.194167 0.00292781
12.95 0.194167 0.00353357
13.65 0.194167 0.00484604
14.35 0.194167 0.0066633
15.05 0.194167 0.00706714
15.75 0.194167 0.0116103
16.45 0.194167 0.0176678
17.15 0.194167 0.0215043
17.85 0.194167 0.0480565
18.55 0.194167 0.212216
19.25 0.194167 0.261383
19.95 0.194167 0.208582
20.65 0.194167 0.000100959
0.35 0.205833 0
1.05 0.205833 0
1.75 0.205833 0
2.45 0.205833 0
3.15 0.205833 0
3.85 0.205833 0
4.55 0.205833 0
5.25 0.205833 0
5.95 0.205833 0
6.65 0.205833 0
7.35 0.205833 0
8.05 0.205833 0
8.75 0.205833 0
9.45 0.205833 0
10.15 0.205833 0.00363453
10.85 0.205833 0.00363453
11.55 0.205833 0.00232206
12.25 0.205833 0.00373549
12.95 0.205833 0.00403836
13.65 0.205833 0.004947
14.35 0.205833 0.00706714
15.05 0.205833 0.0115093
15.75 0.205833 0.0112065
16.45 0.205833 0.0170621
17.15 0.205833 0.0250379
17.85 0.205833 0.0629985
18.55 0.205833 0.241191
19.25 0.205833 0.285613
19.95 0.205833 0.188188
20.65 0.205833 0.000201918
0.35 0.2175 0
1.05 0.2175 0
1.75 0.2175 0
2.45 0.2175 0
3.15 0.2175 0
3.85 0.2175 0
4.55 0.2175 0
5.25 0.2175 0
5.95 0.2175 0
6.65 0.2175 0
7.35 0.2175 0
8.05 0.2175 0
8.75 0.2175 0
9.45 0.2175 0
10.15 0.2175 0.00373549
10.85 0.2175 0.00434124
11.55 0.2175 0.00413932
12.25 0.2175 0.0044422
12.95 0.2175 0.00575467
13.65 0.2175 0.0044422
14.35 0.2175 0.00858152
15.05 0.2175 0.00979303
15.75 0.2175 0.0122161
16.45 0.2175 0.0192832
17.15 0.2175 0.0312973
17.85 0.2175 0.081575
18.55 0.2175 0.294498
19.25 0.2175 0.301868
19.95 0.2175 0.169308
20.65 0.2175 0.000504796
0.35 0.229167 0
1.05 0.229167 0
1.75 0.229167 0
2.45 0.229167 0
3.15 0.229167 0
3.85 0.229167 0
4.55 0.229167 0
5.25 0.229167 0
5.95 0.229167 0
6.65 0.229167 0
7.35 0.229167 0
8.05 0.229167 0
8.75 0.229167 0
9.45 0.229167 0
10.15 0.229167 0.00454316
10.85 0.229167 0.00464412
11.55 0.229167 0.00413932
12.25 0.229167 0.00484604
12.95 0.229167 0.00524987
13.65 0.229167 0.00676426
14.35 0.229167 0.00827865
15.05 0.229167 0.0093892
15.75 0.229167 0.014841
16.45 0.229167 0.0220091
17.15 0.229167 0.0349319
17.85 0.229167 0.118021
18.55 0.229167 0.312771
19.25 0.229167 0.316709
19.95 0.229167 0.132761
20.65 0.229167 0.000100959
0.35 0.240833 0
1.05 0.240833 0
1.75 0.240833 0
2.45 0.240833 0
3.15 0.240833 0
3.85 0.240833 0
4.55 0.240833 0
5.25 0.240833 0
5.95 0.240833 0
6.65 0.240833 0
7.35 0.240833 0
8.05 0.240833 0
8.75 0.240833 0
9.45 0.240833 0
10.15 0.240833 0.00524987
10.85 0.240833 0.00535083
11.55 0.240833 0.00545179
12.25 0.240833 0.00464412
12.95 0.240833 0.00545179
13.65 0.240833 0.00625946
14.35 0.240833 0.00868248
15.05 0.240833 0.00787481
15.75 0.240833 0.0167592
16.45 0.240833 0.0260475
17.15 0.240833 0.0420999
17.85 0.240833 0.146896
18.55 0.240833 0.337506
19.25 0.240833 0.345381
19.95 0.240833 0.0818778
20.65 0.240833 0
0.35 0.2525 0
1.05 0.2525 0
1.75 0.2525 0
2.45 0.2525 0
3.15 0.2525 0
3.85 0.2525 0
4.55 0.2525 0
5.25 0.2525 0
5.95 0.2525 0
6.65 0.2525 0
7.35 0.2525 0
8.05 0.2525 0
8.75 0.2525 0
9.45 0.2525 0
10.15 0.2525 0.00424028
10.85 0.2525 0.00514891
11.55 0.2525 0.00615851
12.25 0.2525 0.00595659
12.95 0.2525 0.004947
13.65 0.2525 0.00615851
14.35 0.2525 0.00787481
15.05 0.2525 0.0118122
15.75 0.2525 0.0176678
16.45 0.2525 0.0241292
17.15 0.2525 0.0482585
17.85 0.2525 0.200404
18.55 0.2525 0.352246
19.25 0.2525 0.370015
19.95 0.2525 0.0275618
20.65 0.2525 0.000100959
0.35 0.264167 0
1.05 0.264167 0
1.75 0.264167 0
2.45 0.264167 0
3.15 0.264167 0
3.85 0.264167 0
4.55 0.264167 0
5.25 0.264167 0
5.95 0.264167 0
6.65 0.264167 0
7.35 0.264167 0
8.05 0.264167 0
8.75 0.264167 0
9.45 0.264167 0
10.15 0.264167 0.00565371
10.85 0.264167 0.00484604
11.55 0.264167 0.00595659
12.25 0.264167 0.00585563
12.95 0.264167 0.00726906
13.65 0.264167 0.00696618
14.35 0.264167 0.00999495
15.05 0.264167 0.0128218
15.75 0.264167 0.0178698
16.45 0.264167 0.0259465
17.15 0.264167 0.0640081
17.85 0.264167 0.261181
18.55 0.264167 0.371126
19.25 0.264167 0.367895
19.95 0.264167 0.004947
20.65 0.264167 0
0.35 0.275833 0
1.05 0.275833 0
1.75 0.275833 0
2.45 0.275833 0
3.15 0.275833 0
3.85 0.275833 0
4.55 0.275833 0
5.25 0.275833 0
5.95 0.275833 0
6.65 0.275833 0
7.35 0.275833 0
8.05 0.275833 0
8.75 0.275833 0
9.45 0.275833 0
10.15 0.275833 0.00565371
10.85 0.275833 0.00474508
11.55 0.275833 0.00555275
12.25 0.275833 0.00484604
12.95 0.275833 0.00696618
13.65 0.275833 0.00787481
14.35 0.275833 0.0103988
15.05 0.275833 0.0146391
15.75 0.275833 0.0192832
16.45 0.275833 0.0329127
17.15 0.275833 0.0762241
17.85 0.275833 0.311661
18.55 0.275833 0.390611
19.25 0.275833 0.30631
19.95 0.275833 0.0044422
20.65 0.275833 0.000100959
0.35 0.2875 0
1.05 0.2875 0
1.75 0.2875 0
2.45 0.2875 0
3.15 0.2875 0
3.85 0.2875 0
4.55 0.2875 0
5.25 0.2875 0
5.95 0.2875 0
6.65 0.2875 0
7.35 0.2875 0
8.05 0.2875 0
8.75 0.2875 0
9.45 0.2875 0
10.15 0.2875 0.00565371
10.85 0.2875 0.00575467
11.55 0.2875 0.0071681
12.25 0.2875 0.00575467
12.95 0.2875 0.00827865
13.65 0.2875 0.00837961
14.35 0.2875 0.0100959
15.05 0.2875 0.0142352
15.75 0.2875 0.0211005
16.45 0.2875 0.0365472
17.15 0.2875 0.109541
17.85 0.2875 0.363756
18.55 0.2875 0.393034
19.25 0.2875 0.250076
19.95 0.2875 0.00292781
20.65 0.2875 0.000403836
0.35 0.299167 0
1.05 0.299167 0
1.75 0.299167 0
2.45 0.299167 0
3.15 0.299167 0
3.85 0.299167 0
4.55 0.299167 0
5.25 0.299167 0
5.95 0.299167 0
6.65 0.299167 0
7.35 0.299167 0
8.05 0.299167 0
8.75 0.299167 0
9.45 0.299167 0
10.15 0.299167 0.00636042
10.85 0.299167 0.00504796
11.55 0.299167 0.00777385
12.25 0.299167 0.00646138
12.95 0.299167 0.00706714
13.65 0.299167 0.00858152
14.35 0.299167 0.0122161
15.05 0.299167 0.0165573
15.75 0.299167 0.0225139
16.45 0.299167 0.0397779
17.15 0.299167 0.152044
17.85 0.299167 0.387885
18.55 0.299167 0.42736
19.25 0.299167 0.177486
19.95 0.299167 0.0044422
20.65 0.299167 0.000100959
0.35 0.310833 0
1.05 0.310833 0
1.75 0.310833 0
2.45 0.310833 0
3.15 0.310833 0
3.85 0.310833 0
4.55 0.310833 0
5.25 0.310833 0
5.95 0.310833 0
6.65 0.310833 0
7.35 0.310833 0
8.05 0.310833 0
8.75 0.310833 0
9.45 0.310833 0
10.15 0.310833 0.00605755
10.85 0.310833 0.00615851
11.55 0.310833 0.00575467
12.25 0.310833 0.00686522
12.95 0.310833 0.00868248
13.65 0.310833 0.0103988
14.35 0.310833 0.0110045
15.05 0.310833 0.0193841
15.75 0.310833 0.0262494
16.45 0.310833 0.0538112
17.15 0.310833 0.216759
17.85 0.310833 0.424937
18.55 0.310833 0.482585
19.25 0.310833 0.0944977
19.95 0.310833 0.00464412
20.65 0.310833 0
0.35 0.3225 0
1.05 0.3225 0
1.75 0.3225 0
2.45 0.3225 0
3.15 0.3225 0
3.85 0.3225 0
4.55 0.3225 0
5.25 0.3225 0
5.95 0.3225 0
6.65 0.3225 0
7.35 0.3225 0
8.05 0.3225 0
8.75 0.3225 0
9.45 0.3225 0
10.15 0.3225 0.00676426
10.85 0.3225 0.00676426
11.55 0.3225 0.00797577
12.25 0.3225 0.00858152
12.95 0.3225 0.00646138
13.65 0.3225 0.00959112
14.35 0.3225 0.0141343
15.05 0.3225 0.0181726
15.75 0.3225 0.0293791
16.45 0.3225 0.0706714
17.15 0.3225 0.292075
17.85 0.3225 0.440182
18.55 0.3225 0.481171
19.25 0.3225 0.0155477
19.95 0.3225 0.00363453
20.65 0.3225 0.000201918
0.35 0.334167 0
1.05 0.334167 0
1.75 0.334167 0
2.45 0.334167 0
3.15 0.334167 0
3.85 0.334167 0
4.55 0.334167 0
5.25 0.334167 0
5.95 0.334167 0
6.65 0.334167 0
7.35 0.334167 0
8.05 0.334167 0
8.75 0.334167 0
9.45 0.334167 0
10.15 0.334167 0.00817769
10.85 0.334167 0.00868248
11.55 0.334167 0.00737002
12.25 0.334167 0.00767289
12.95 0.334167 0.00928824
13.65 0.334167 0.0106007
14.35 0.334167 0.0141343
15.05 0.334167 0.0191822
15.75 0.334167 0.0367491
16.45 0.334167 0.0881373
17.15 0.334167 0.360525
17.85 0.334167 0.469763
18.55 0.334167 0.409288
19.25 0.334167 0.0104997
19.95 0.334167 0.00242302
20.65 0.334167 0.000100959
0.35 0.345833 0
1.05 0.345833 0
1.75 0.345833 0
2.45 0.345833 0
3.15 0.345833 0
3.85 0.345833 0
4.55 0.345833 0
5.25 0.345833 0
5.95 0.345833 0
6.65 0.345833 0
7.35 0.345833 0
8.05 0.345833 0
8.75 0.345833 0
9.45 0.345833 0
10.15 0.345833 0.00686522
10.85 0.345833 0.00726906
11.55 0.345833 0.00676426
12.25 0.345833 0.0093892
12.95 0.345833 0.00989399
13.65 0.345833 0.0112065
14.35 0.345833 0.0159515
15.05 0.345833 0.0237254
15.75 0.345833 0.0435134
16.45 0.345833 0.125492
17.15 0.345833 0.434023
17.85 0.345833 0.506916
18.55 0.345833 0.323574
19.25 0.345833 0.0111055
19.95 0.345833 0.00363453
20.65 0.345833 0
0.35 0.3575 0
1.05 0.3575 0
1.75 0.3575 0
2.45 0.3575 0
3.15 0.3575 0
3.85 0.3575 0
4.55 0.3575 0
5.25 0.3575 0
5.95 0.3575 0
6.65 0.3575 0
7.35 0.3575 0
8.05 0.3575 0
8.75 0.3575 0
9.45 0.3575 0
10.15 0.3575 0.00565371
10.85 0.3575 0.0071681
11.55 0.3575 0.0066633
12.25 0.3575 0.00918728
12.95 0.3575 0.00908632
13.65 0.3575 0.0125189
14.35 0.3575 0.0151439
15.05 0.3575 0.0283695
15.75 0.3575 0.0474508
16.45 0.3575 0.191217
17.15 0.3575 0.470671
17.85 0.3575 0.547501
18.55 0.3575 0.213327
19.25 0.3575 0.0108026
19.95 0.3575 0.00434124
20.65 0.3575 0
0.35 0.369167 0
1.05 0.369167 0
1.75 0.369167 0
2.45 0.369167 0
3.15 0.369167 0
3.85 0.369167 0
4.55 0.369167 0
5.25 0.369167 0
5.95 0.369167 0
6.65 0.369167 0
7.35 0.369167 0
8.05 0.369167 0
8.75 0.369167 0
9.45 0.369167 0
10.15 0.369167 0.00787481
10.85 0.369167 0.0088844
11.55 0.369167 0.00757193
12.25 0.369167 0.00868248
12.95 0.369167 0.012317
13.65 0.369167 0.0117113
14.35 0.369167 0.0174659
15.05 0.369167 0.0283695
15.75 0.369167 0.0595659
16.45 0.369167 0.272388
17.15 0.369167 0.516911
17.85 0.369167 0.575164
18.55 0.369167 0.0847047
19.25 0.369167 0.0106007
19.95 0.369167 0.00282686
20.65 0.369167 0
0.35 0.380833 0
1.05 0.380833 0
1.75 0.380833 0
2.45 0.380833 0
3.15 0.380833 0
3.85 0.380833 0
4.55 0.380833 0
5.25 0.380833 0
5.95 0.380833 0
6.65 0.380833 0
7.35 0.380833 0
8.05 0.380833 0
8.75 0.380833 0
9.45 0.380833 0
10.15 0.380833 0.00848057
10.85 0.380833 0.00848057
11.55 0.380833 0.00817769
12.25 0.380833 0.00837961
12.95 0.380833 0.0112065
13.65 0.380833 0.0139324
14.35 0.380833 0.0200909
15.05 0.380833 0.0341242
15.75 0.380833 0.0820798
16.45 0.380833 0.376073
17.15 0.380833 0.546492
17.85 0.380833 0.551237
18.55 0.380833 0.0180717
19.25 0.380833 0.00878344
19.95 0.380833 0.0027259
20.65 0.380833 0.000100959
0.35 0.3925 0
1.05 0.3925 0
1.75 0.3925 0
2.45 0.3925 0
3.15 0.3925 0
3.85 0.3925 0
4.55 0.3925 0
5.25 0.3925 0
5.95 0.3925 0
6.65 0.3925 0
7.35 0.3925 0
8.05 0.3925 0
8.75 0.3925 0
9.45 0.3925 0
10.15 0.3925 0.00858152
10.85 0.3925 0.00837961
11.55 0.3925 0.00797577
12.25 0.3925 0.00969207
12.95 0.3925 0.0118122
13.65 0.3925 0.0170621
14.35 0.3925 0.0231196
15.05 0.3925 0.039475
15.75 0.3925 0.123271
16.45 0.3925 0.471782
17.15 0.3925 0.574962
17.85 0.3925 0.423019
18.55 0.3925 0.0154467
19.25 0.3925 0.00928824
19.95 0.3925 0.00383645
20.65 0.3925 0.000302877
0.35 0.404167 0
1.05 0.404167 0
1.75 0.404167 0
2.45 0.404167 0
3.15 0.404167 0
3.85 0.404167 0
4.55 0.404167 0
5.25 0.404167 0
5.95 0.404167 0
6.65 0.404167 0
7.35 0.404167 0
8.05 0.404167 0
8.75 0.404167 0
9.45 0.404167 0
10.15 0.404167 0.00898536
10.85 0.404167 0.00979303
11.55 0.404167 0.0116103
12.25 0.404167 0.0115093
12.95 0.404167 0.0109036
13.65 0.404167 0.014841
14.35 0.404167 0.0236244
15.05 0.404167 0.0457345
15.75 0.404167 0.193135
16.45 0.404167 0.526401
17.15 0.404167 0.614639
17.85 0.404167 0.287532
18.55 0.404167 0.0144372
19.25 0.404167 0.0101969
19.95 0.404167 0.00242302
20.65 0.404167 0.000100959
0.35 0.415833 0
1.05 0.415833 0
1.75 0.415833 0
2.45 0.415833 0
3.15 0.415833 0
3.85 0.415833 0
4.55 0.415833 0
5.25 0.415833 0
5.95 0.415833 0
6.65 0.415833 0
7.35 0.415833 0
8.05 0.415833 0
8.75 0.415833 0
9.45 0.415833 0
10.15 0.415833 0.00969207
10.85 0.415833 0.00837961
11.55 0.415833 0.0114084
12.25 0.415833 0.00959112
12.95 0.415833 0.0141343
13.65 0.415833 0.017365
14.35 0.415833 0.0283695
15.05 0.415833 0.0662292
15.75 0.415833 0.289046
16.45 0.415833 0.586068
17.15 0.415833 0.67057
17.85 0.415833 0.132256
18.55 0.415833 0.0150429
19.25 0.415833 0.00837961
19.95 0.415833 0.00212014
20.65 0.415833 0
0.35 0.4275 0
1.05 0.4275 0
1.75 0.4275 0
2.45 0.4275 0
3.15 0.4275 0
3.85 0.4275 0
4.55 0.4275 0
5.25 0.4275 0
5.95 0.4275 0
6.65 0.4275 0
7.35 0.4275 0
8.05 0.4275 0
8.75 0.4275 0
9.45 0.4275 0
10.15 0.4275 0.0108026
10.85 0.4275 0.00918728
11.55 0.4275 0.00898536
12.25 0.4275 0.0129228
12.95 0.4275 0.0155477
13.65 0.4275 0.0219081
14.35 0.4275 0.0343261
15.05 0.4275 0.0873296
15.75 0.4275 0.405553
16.45 0.4275 0.619586
17.15 0.4275 0.633014
17.85 0.4275 0.0224129
18.55 0.4275 0.0140333
19.25 0.4275 0.00928824
19.95 0.4275 0.0027259
20.65 0.4275 0
0.35 0.439167 0
1.05 0.439167 0
1.75 0.439167 0
2.45 0.439167 0
3.15 0.439167 0
3.85 0.439167 0
4.55 0.439167 0
5.25 0.439167 0
5.95 0.439167 0
6.65 0.439167 0
7.35 0.439167 0
8.05 0.439167 0
8.75 0.439167 0
9.45 0.439167 0
10.15 0.439167 0.00827865
10.85 0.439167 0.0115093
11.55 0.439167 0.0115093
12.25 0.439167 0.0138314
12.95 0.439167 0.0150429
13.65 0.439167 0.0235235
14.35 0.439167 0.0420999
15.05 0.439167 0.135386
15.75 0.439167 0.520343
16.45 0.439167 0.661989
17.15 0.439167 0.495305
17.85 0.439167 0.0187784
18.55 0.439167 0.014841
19.25 0.439167 0.00726906
19.95 0.439167 0.00252398
20.65 0.439167 0
0.35 0.450833 0
1.05 0.450833 0
1.75 0.450833 0
2.45 0.450833 0
3.15 0.450833 0
3.85 0.450833 0
4.55 0.450833 0
5.25 0.450833 0
5.95 0.450833 0
6.65 0.450833 0
7.35 0.450833 0
8.05 0.450833 0
8.75 0.450833 0
9.45 0.450833 0
10.15 0.450833 0.00969207
10.85 0.450833 0.0106007
11.55 0.450833 0.0133266
12.25 0.450833 0.0131247
12.95 0.450833 0.0145381
13.65 0.450833 0.0256436
14.35 0.450833 0.0474508
15.05 0.450833 0.217466
15.75 0.450833 0.591519
16.45 0.450833 0.696214
17.15 0.450833 0.323069
17.85 0.450833 0.0200909
18.55 0.450833 0.017163
19.25 0.450833 0.00696618
19.95 0.450833 0.00232206
20.65 0.450833 0.000201918
0.35 0.4625 0
1.05 0.4625 0
1.75 0.4625 0
2.45 0.4625 0
3.15 0.4625 0
3.85 0.4625 0
4.55 0.4625 0
5.25 0.4625 0
5.95 0.4625 0
6.65 0.4625 0
7.35 0.4625 0
8.05 0.4625 0
8.75 0.4625 0
9.45 0.4625 0
10.15 0.4625 0.00989399
10.85 0.4625 0.0102978
11.55 0.4625 0.0128218
12.25 0.4625 0.0143362
12.95 0.4625 0.0182736
13.65 0.4625 0.0288743
14.35 0.4625 0.0671378
15.05 0.4625 0.329833
15.75 0.4625 0.660676
16.45 0.4625 0.751237
17.15 0.4625 0.123776
17.85 0.4625 0.0194851
18.55 0.4625 0.0118122
19.25 0.4625 0.00777385
19.95 0.4625 0.00252398
20.65 0.4625 0.000100959
0.35 0.474167 0
1.05 0.474167 0
1.75 0.474167 0
2.45 0.474167 0
3.15 0.474167 0
3.85 0.474167 0
4.55 0.474167 0
5.25 0.474167 0
5.95 0.474167 0
6.65 0.474167 0
7.35 0.474167 0
8.05 0.474167 0
8.75 0.474167 0
9.45 0.474167 0
10.15 0.474167 0.0115093
10.85 0.474167 0.0111055
11.55 0.474167 0.0137304
12.25 0.474167 0.0153458
12.95 0.474167 0.0207976
13.65 0.474167 0.0362443
14.35 0.474167 0.102978
15.05 0.474167 0.462898
15.75 0.474167 0.700757
16.45 0.474167 0.713983
17.15 0.474167 0.0219081
17.85 0.474167 0.0187784
18.55 0.474167 0.0131247
19.25 0.474167 0.00817769
19.95 0.474167 0.00242302
20.65 0.474167 0
0.35 0.485833 0
1.05 0.485833 0
1.75 0.485833 0
2.45 0.485833 0
3.15 0.485833 0
3.85 0.485833 0
4.55 0.485833 0
5.25 0.485833 0
5.95 0.485833 0
6.65 0.485833 0
7.35 0.485833 0
8.05 0.485833 0
8.75 0.485833 0
9.45 0.485833 0
10.15 0.485833 0.0117113
10.85 0.485833 0.0113074
11.55 0.485833 0.0158506
12.25 0.485833 0.0168602
12.95 0.485833 0.0241292
13.65 0.485833 0.0478546
14.35 0.485833 0.175669
15.05 0.485833 0.584957
15.75 0.485833 0.750833
16.45 0.485833 0.572034
17.15 0.485833 0.0218072
17.85 0.485833 0.0161535
18.55 0.485833 0.0108026
19.25 0.485833 0.00858152
19.95 0.485833 0.00191822
20.65 0.485833 0.000100959
0.35 0.4975 0
1.05 0.4975 0
1.75 0.4975 0
2.45 0.4975 0
3.15 0.4975 0
3.85 0.4975 0
4.55 0.4975 0
5.25 0.4975 0
5.95 0.4975 0
6.65 0.4975 0
7.35 0.4975 0
8.05 0.4975 0
8.75 0.4975 0
9.45 0.4975 0
10.15 0.4975 0.0142352
10.85 0.4975 0.0135285
11.55 0.4975 0.0153458
12.25 0.4975 0.0207976
12.95 0.4975 0.029682
13.65 0.4975 0.0586572
14.35 0.4975 0.272186
15.05 0.4975 0.681474
15.75 0.4975 0.895911
16.45 0.4975 0.337002
17.15 0.4975 0.0201918
17.85 0.4975 0.0166583
18.55 0.4975 0.0113074
19.25 0.4975 0.00585563
19.95 0.4975 0.00242302
20.65 0.4975 0.000201918
0.35 0.509167 0
1.05 0.509167 0
1.75 0.509167 0
2.45 0.509167 0
3.15 0.509167 0
3.85 0.509167 0
4.55 0.509167 0
5.25 0.509167 0
5.95 0.509167 0
6.65 0.509167 0
7.35 0.509167 0
8.05 0.509167 0
8.75 0.509167 0
9.45 0.509167 0
10.15 0.509167 0.01474
10.85 0.509167 0.0157496
11.55 0.509167 0.0166583
12.25 0.509167 0.0240283
12.95 0.509167 0.029682
13.65 0.509167 0.0876325
14.35 0.509167 0.42736
15.05 0.509167 0.79162
15.75 0.509167 1
16.45 0.509167 0.0673397
17.15 0.509167 0.0195861
17.85 0.509167 0.0162544
18.55 0.509167 0.0114084
19.25 0.509167 0.00524987
19.95 0.509167 0.00232206
20.65 0.509167 0
